1 2 3 4 0
1 2 3 5 0
1 2 3 6 0
1 2 3 7 0
1 2 3 8 0
1 2 3 9 0
1 2 4 5 0
1 2 4 6 0
1 2 4 7 0
1 2 4 8 0
1 2 4 9 0
1 2 5 6 0
1 2 5 7 0
1 2 5 8 0
1 2 5 9 0
1 2 6 7 0
1 2 6 8 0
1 2 6 9 0
1 2 7 8 0
1 2 7 9 0
1 2 8 9 0
1 3 4 5 0
1 3 4 6 0
1 3 4 7 0
1 3 4 8 0
1 3 4 9 0
1 3 5 6 0
1 3 5 7 0
1 3 5 8 0
1 3 5 9 0
1 3 6 7 0
1 3 6 8 0
1 3 6 9 0
1 3 7 8 0
1 3 7 9 0
1 3 8 9 0
1 4 5 6 0
1 4 5 7 0
1 4 5 8 0
1 4 5 9 0
1 4 6 7 0
1 4 6 8 0
1 4 6 9 0
1 4 7 8 0
1 4 7 9 0
1 4 8 9 0
1 5 6 7 0
1 5 6 8 0
1 5 6 9 0
1 5 7 8 0
1 5 7 9 0
1 5 8 9 0
1 6 7 8 0
1 6 7 9 0
1 6 8 9 0
1 7 8 9 0
2 3 4 5 0
2 3 4 6 0
2 3 4 7 0
2 3 4 8 0
2 3 4 9 0
2 3 5 6 0
2 3 5 7 0
2 3 5 8 0
2 3 5 9 0
2 3 6 7 0
2 3 6 8 0
2 3 6 9 0
2 3 7 8 0
2 3 7 9 0
2 3 8 9 0
2 4 5 6 0
2 4 5 7 0
2 4 5 8 0
2 4 5 9 0
2 4 6 7 0
2 4 6 8 0
2 4 6 9 0
2 4 7 8 0
2 4 7 9 0
2 4 8 9 0
2 5 6 7 0
2 5 6 8 0
2 5 6 9 0
2 5 7 8 0
2 5 7 9 0
2 5 8 9 0
2 6 7 8 0
2 6 7 9 0
2 6 8 9 0
2 7 8 9 0
3 4 5 6 0
3 4 5 7 0
3 4 5 8 0
3 4 5 9 0
3 4 6 7 0
3 4 6 8 0
3 4 6 9 0
3 4 7 8 0
3 4 7 9 0
3 4 8 9 0
3 5 6 7 0
3 5 6 8 0
3 5 6 9 0
3 5 7 8 0
3 5 7 9 0
3 5 8 9 0
3 6 7 8 0
3 6 7 9 0
3 6 8 9 0
3 7 8 9 0
4 5 6 7 0
4 5 6 8 0
4 5 6 9 0
4 5 7 8 0
4 5 7 9 0
4 5 8 9 0
4 6 7 8 0
4 6 7 9 0
4 6 8 9 0
4 7 8 9 0
5 6 7 8 0
5 6 7 9 0
5 6 8 9 0
5 7 8 9 0
6 7 8 9 0
10 11 12 13 14 0
10 11 12 13 15 0
10 11 12 13 16 0
10 11 12 13 17 0
10 11 12 13 18 0
10 11 12 14 15 0
10 11 12 14 16 0
10 11 12 14 17 0
10 11 12 14 18 0
10 11 12 15 16 0
10 11 12 15 17 0
10 11 12 15 18 0
10 11 12 16 17 0
10 11 12 16 18 0
10 11 12 17 18 0
10 11 13 14 15 0
10 11 13 14 16 0
10 11 13 14 17 0
10 11 13 14 18 0
10 11 13 15 16 0
10 11 13 15 17 0
10 11 13 15 18 0
10 11 13 16 17 0
10 11 13 16 18 0
10 11 13 17 18 0
10 11 14 15 16 0
10 11 14 15 17 0
10 11 14 15 18 0
10 11 14 16 17 0
10 11 14 16 18 0
10 11 14 17 18 0
10 11 15 16 17 0
10 11 15 16 18 0
10 11 15 17 18 0
10 11 16 17 18 0
10 12 13 14 15 0
10 12 13 14 16 0
10 12 13 14 17 0
10 12 13 14 18 0
10 12 13 15 16 0
10 12 13 15 17 0
10 12 13 15 18 0
10 12 13 16 17 0
10 12 13 16 18 0
10 12 13 17 18 0
10 12 14 15 16 0
10 12 14 15 17 0
10 12 14 15 18 0
10 12 14 16 17 0
10 12 14 16 18 0
10 12 14 17 18 0
10 12 15 16 17 0
10 12 15 16 18 0
10 12 15 17 18 0
10 12 16 17 18 0
10 13 14 15 16 0
10 13 14 15 17 0
10 13 14 15 18 0
10 13 14 16 17 0
10 13 14 16 18 0
10 13 14 17 18 0
10 13 15 16 17 0
10 13 15 16 18 0
10 13 15 17 18 0
10 13 16 17 18 0
10 14 15 16 17 0
10 14 15 16 18 0
10 14 15 17 18 0
10 14 16 17 18 0
10 15 16 17 18 0
11 12 13 14 15 0
11 12 13 14 16 0
11 12 13 14 17 0
11 12 13 14 18 0
11 12 13 15 16 0
11 12 13 15 17 0
11 12 13 15 18 0
11 12 13 16 17 0
11 12 13 16 18 0
11 12 13 17 18 0
11 12 14 15 16 0
11 12 14 15 17 0
11 12 14 15 18 0
11 12 14 16 17 0
11 12 14 16 18 0
11 12 14 17 18 0
11 12 15 16 17 0
11 12 15 16 18 0
11 12 15 17 18 0
11 12 16 17 18 0
11 13 14 15 16 0
11 13 14 15 17 0
11 13 14 15 18 0
11 13 14 16 17 0
11 13 14 16 18 0
11 13 14 17 18 0
11 13 15 16 17 0
11 13 15 16 18 0
11 13 15 17 18 0
11 13 16 17 18 0
11 14 15 16 17 0
11 14 15 16 18 0
11 14 15 17 18 0
11 14 16 17 18 0
11 15 16 17 18 0
12 13 14 15 16 0
12 13 14 15 17 0
12 13 14 15 18 0
12 13 14 16 17 0
12 13 14 16 18 0
12 13 14 17 18 0
12 13 15 16 17 0
12 13 15 16 18 0
12 13 15 17 18 0
12 13 16 17 18 0
12 14 15 16 17 0
12 14 15 16 18 0
12 14 15 17 18 0
12 14 16 17 18 0
12 15 16 17 18 0
13 14 15 16 17 0
13 14 15 16 18 0
13 14 15 17 18 0
13 14 16 17 18 0
13 15 16 17 18 0
14 15 16 17 18 0
19 20 21 22 23 24 0
19 20 21 22 23 25 0
19 20 21 22 23 26 0
19 20 21 22 23 27 0
19 20 21 22 24 25 0
19 20 21 22 24 26 0
19 20 21 22 24 27 0
19 20 21 22 25 26 0
19 20 21 22 25 27 0
19 20 21 22 26 27 0
19 20 21 23 24 25 0
19 20 21 23 24 26 0
19 20 21 23 24 27 0
19 20 21 23 25 26 0
19 20 21 23 25 27 0
19 20 21 23 26 27 0
19 20 21 24 25 26 0
19 20 21 24 25 27 0
19 20 21 24 26 27 0
19 20 21 25 26 27 0
19 20 22 23 24 25 0
19 20 22 23 24 26 0
19 20 22 23 24 27 0
19 20 22 23 25 26 0
19 20 22 23 25 27 0
19 20 22 23 26 27 0
19 20 22 24 25 26 0
19 20 22 24 25 27 0
19 20 22 24 26 27 0
19 20 22 25 26 27 0
19 20 23 24 25 26 0
19 20 23 24 25 27 0
19 20 23 24 26 27 0
19 20 23 25 26 27 0
19 20 24 25 26 27 0
19 21 22 23 24 25 0
19 21 22 23 24 26 0
19 21 22 23 24 27 0
19 21 22 23 25 26 0
19 21 22 23 25 27 0
19 21 22 23 26 27 0
19 21 22 24 25 26 0
19 21 22 24 25 27 0
19 21 22 24 26 27 0
19 21 22 25 26 27 0
19 21 23 24 25 26 0
19 21 23 24 25 27 0
19 21 23 24 26 27 0
19 21 23 25 26 27 0
19 21 24 25 26 27 0
19 22 23 24 25 26 0
19 22 23 24 25 27 0
19 22 23 24 26 27 0
19 22 23 25 26 27 0
19 22 24 25 26 27 0
19 23 24 25 26 27 0
20 21 22 23 24 25 0
20 21 22 23 24 26 0
20 21 22 23 24 27 0
20 21 22 23 25 26 0
20 21 22 23 25 27 0
20 21 22 23 26 27 0
20 21 22 24 25 26 0
20 21 22 24 25 27 0
20 21 22 24 26 27 0
20 21 22 25 26 27 0
20 21 23 24 25 26 0
20 21 23 24 25 27 0
20 21 23 24 26 27 0
20 21 23 25 26 27 0
20 21 24 25 26 27 0
20 22 23 24 25 26 0
20 22 23 24 25 27 0
20 22 23 24 26 27 0
20 22 23 25 26 27 0
20 22 24 25 26 27 0
20 23 24 25 26 27 0
21 22 23 24 25 26 0
21 22 23 24 25 27 0
21 22 23 24 26 27 0
21 22 23 25 26 27 0
21 22 24 25 26 27 0
21 23 24 25 26 27 0
22 23 24 25 26 27 0
28 29 30 31 0
28 29 30 32 0
28 29 30 33 0
28 29 30 34 0
28 29 30 35 0
28 29 30 36 0
28 29 31 32 0
28 29 31 33 0
28 29 31 34 0
28 29 31 35 0
28 29 31 36 0
28 29 32 33 0
28 29 32 34 0
28 29 32 35 0
28 29 32 36 0
28 29 33 34 0
28 29 33 35 0
28 29 33 36 0
28 29 34 35 0
28 29 34 36 0
28 29 35 36 0
28 30 31 32 0
28 30 31 33 0
28 30 31 34 0
28 30 31 35 0
28 30 31 36 0
28 30 32 33 0
28 30 32 34 0
28 30 32 35 0
28 30 32 36 0
28 30 33 34 0
28 30 33 35 0
28 30 33 36 0
28 30 34 35 0
28 30 34 36 0
28 30 35 36 0
28 31 32 33 0
28 31 32 34 0
28 31 32 35 0
28 31 32 36 0
28 31 33 34 0
28 31 33 35 0
28 31 33 36 0
28 31 34 35 0
28 31 34 36 0
28 31 35 36 0
28 32 33 34 0
28 32 33 35 0
28 32 33 36 0
28 32 34 35 0
28 32 34 36 0
28 32 35 36 0
28 33 34 35 0
28 33 34 36 0
28 33 35 36 0
28 34 35 36 0
29 30 31 32 0
29 30 31 33 0
29 30 31 34 0
29 30 31 35 0
29 30 31 36 0
29 30 32 33 0
29 30 32 34 0
29 30 32 35 0
29 30 32 36 0
29 30 33 34 0
29 30 33 35 0
29 30 33 36 0
29 30 34 35 0
29 30 34 36 0
29 30 35 36 0
29 31 32 33 0
29 31 32 34 0
29 31 32 35 0
29 31 32 36 0
29 31 33 34 0
29 31 33 35 0
29 31 33 36 0
29 31 34 35 0
29 31 34 36 0
29 31 35 36 0
29 32 33 34 0
29 32 33 35 0
29 32 33 36 0
29 32 34 35 0
29 32 34 36 0
29 32 35 36 0
29 33 34 35 0
29 33 34 36 0
29 33 35 36 0
29 34 35 36 0
30 31 32 33 0
30 31 32 34 0
30 31 32 35 0
30 31 32 36 0
30 31 33 34 0
30 31 33 35 0
30 31 33 36 0
30 31 34 35 0
30 31 34 36 0
30 31 35 36 0
30 32 33 34 0
30 32 33 35 0
30 32 33 36 0
30 32 34 35 0
30 32 34 36 0
30 32 35 36 0
30 33 34 35 0
30 33 34 36 0
30 33 35 36 0
30 34 35 36 0
31 32 33 34 0
31 32 33 35 0
31 32 33 36 0
31 32 34 35 0
31 32 34 36 0
31 32 35 36 0
31 33 34 35 0
31 33 34 36 0
31 33 35 36 0
31 34 35 36 0
32 33 34 35 0
32 33 34 36 0
32 33 35 36 0
32 34 35 36 0
33 34 35 36 0
37 38 39 40 0
37 38 39 41 0
37 38 39 42 0
37 38 39 43 0
37 38 39 44 0
37 38 39 45 0
37 38 40 41 0
37 38 40 42 0
37 38 40 43 0
37 38 40 44 0
37 38 40 45 0
37 38 41 42 0
37 38 41 43 0
37 38 41 44 0
37 38 41 45 0
37 38 42 43 0
37 38 42 44 0
37 38 42 45 0
37 38 43 44 0
37 38 43 45 0
37 38 44 45 0
37 39 40 41 0
37 39 40 42 0
37 39 40 43 0
37 39 40 44 0
37 39 40 45 0
37 39 41 42 0
37 39 41 43 0
37 39 41 44 0
37 39 41 45 0
37 39 42 43 0
37 39 42 44 0
37 39 42 45 0
37 39 43 44 0
37 39 43 45 0
37 39 44 45 0
37 40 41 42 0
37 40 41 43 0
37 40 41 44 0
37 40 41 45 0
37 40 42 43 0
37 40 42 44 0
37 40 42 45 0
37 40 43 44 0
37 40 43 45 0
37 40 44 45 0
37 41 42 43 0
37 41 42 44 0
37 41 42 45 0
37 41 43 44 0
37 41 43 45 0
37 41 44 45 0
37 42 43 44 0
37 42 43 45 0
37 42 44 45 0
37 43 44 45 0
38 39 40 41 0
38 39 40 42 0
38 39 40 43 0
38 39 40 44 0
38 39 40 45 0
38 39 41 42 0
38 39 41 43 0
38 39 41 44 0
38 39 41 45 0
38 39 42 43 0
38 39 42 44 0
38 39 42 45 0
38 39 43 44 0
38 39 43 45 0
38 39 44 45 0
38 40 41 42 0
38 40 41 43 0
38 40 41 44 0
38 40 41 45 0
38 40 42 43 0
38 40 42 44 0
38 40 42 45 0
38 40 43 44 0
38 40 43 45 0
38 40 44 45 0
38 41 42 43 0
38 41 42 44 0
38 41 42 45 0
38 41 43 44 0
38 41 43 45 0
38 41 44 45 0
38 42 43 44 0
38 42 43 45 0
38 42 44 45 0
38 43 44 45 0
39 40 41 42 0
39 40 41 43 0
39 40 41 44 0
39 40 41 45 0
39 40 42 43 0
39 40 42 44 0
39 40 42 45 0
39 40 43 44 0
39 40 43 45 0
39 40 44 45 0
39 41 42 43 0
39 41 42 44 0
39 41 42 45 0
39 41 43 44 0
39 41 43 45 0
39 41 44 45 0
39 42 43 44 0
39 42 43 45 0
39 42 44 45 0
39 43 44 45 0
40 41 42 43 0
40 41 42 44 0
40 41 42 45 0
40 41 43 44 0
40 41 43 45 0
40 41 44 45 0
40 42 43 44 0
40 42 43 45 0
40 42 44 45 0
40 43 44 45 0
41 42 43 44 0
41 42 43 45 0
41 42 44 45 0
41 43 44 45 0
42 43 44 45 0
46 47 48 49 0
46 47 48 50 0
46 47 48 51 0
46 47 48 52 0
46 47 48 53 0
46 47 48 54 0
46 47 49 50 0
46 47 49 51 0
46 47 49 52 0
46 47 49 53 0
46 47 49 54 0
46 47 50 51 0
46 47 50 52 0
46 47 50 53 0
46 47 50 54 0
46 47 51 52 0
46 47 51 53 0
46 47 51 54 0
46 47 52 53 0
46 47 52 54 0
46 47 53 54 0
46 48 49 50 0
46 48 49 51 0
46 48 49 52 0
46 48 49 53 0
46 48 49 54 0
46 48 50 51 0
46 48 50 52 0
46 48 50 53 0
46 48 50 54 0
46 48 51 52 0
46 48 51 53 0
46 48 51 54 0
46 48 52 53 0
46 48 52 54 0
46 48 53 54 0
46 49 50 51 0
46 49 50 52 0
46 49 50 53 0
46 49 50 54 0
46 49 51 52 0
46 49 51 53 0
46 49 51 54 0
46 49 52 53 0
46 49 52 54 0
46 49 53 54 0
46 50 51 52 0
46 50 51 53 0
46 50 51 54 0
46 50 52 53 0
46 50 52 54 0
46 50 53 54 0
46 51 52 53 0
46 51 52 54 0
46 51 53 54 0
46 52 53 54 0
47 48 49 50 0
47 48 49 51 0
47 48 49 52 0
47 48 49 53 0
47 48 49 54 0
47 48 50 51 0
47 48 50 52 0
47 48 50 53 0
47 48 50 54 0
47 48 51 52 0
47 48 51 53 0
47 48 51 54 0
47 48 52 53 0
47 48 52 54 0
47 48 53 54 0
47 49 50 51 0
47 49 50 52 0
47 49 50 53 0
47 49 50 54 0
47 49 51 52 0
47 49 51 53 0
47 49 51 54 0
47 49 52 53 0
47 49 52 54 0
47 49 53 54 0
47 50 51 52 0
47 50 51 53 0
47 50 51 54 0
47 50 52 53 0
47 50 52 54 0
47 50 53 54 0
47 51 52 53 0
47 51 52 54 0
47 51 53 54 0
47 52 53 54 0
48 49 50 51 0
48 49 50 52 0
48 49 50 53 0
48 49 50 54 0
48 49 51 52 0
48 49 51 53 0
48 49 51 54 0
48 49 52 53 0
48 49 52 54 0
48 49 53 54 0
48 50 51 52 0
48 50 51 53 0
48 50 51 54 0
48 50 52 53 0
48 50 52 54 0
48 50 53 54 0
48 51 52 53 0
48 51 52 54 0
48 51 53 54 0
48 52 53 54 0
49 50 51 52 0
49 50 51 53 0
49 50 51 54 0
49 50 52 53 0
49 50 52 54 0
49 50 53 54 0
49 51 52 53 0
49 51 52 54 0
49 51 53 54 0
49 52 53 54 0
50 51 52 53 0
50 51 52 54 0
50 51 53 54 0
50 52 53 54 0
51 52 53 54 0
55 56 57 58 59 0
55 56 57 58 60 0
55 56 57 58 61 0
55 56 57 58 62 0
55 56 57 58 63 0
55 56 57 59 60 0
55 56 57 59 61 0
55 56 57 59 62 0
55 56 57 59 63 0
55 56 57 60 61 0
55 56 57 60 62 0
55 56 57 60 63 0
55 56 57 61 62 0
55 56 57 61 63 0
55 56 57 62 63 0
55 56 58 59 60 0
55 56 58 59 61 0
55 56 58 59 62 0
55 56 58 59 63 0
55 56 58 60 61 0
55 56 58 60 62 0
55 56 58 60 63 0
55 56 58 61 62 0
55 56 58 61 63 0
55 56 58 62 63 0
55 56 59 60 61 0
55 56 59 60 62 0
55 56 59 60 63 0
55 56 59 61 62 0
55 56 59 61 63 0
55 56 59 62 63 0
55 56 60 61 62 0
55 56 60 61 63 0
55 56 60 62 63 0
55 56 61 62 63 0
55 57 58 59 60 0
55 57 58 59 61 0
55 57 58 59 62 0
55 57 58 59 63 0
55 57 58 60 61 0
55 57 58 60 62 0
55 57 58 60 63 0
55 57 58 61 62 0
55 57 58 61 63 0
55 57 58 62 63 0
55 57 59 60 61 0
55 57 59 60 62 0
55 57 59 60 63 0
55 57 59 61 62 0
55 57 59 61 63 0
55 57 59 62 63 0
55 57 60 61 62 0
55 57 60 61 63 0
55 57 60 62 63 0
55 57 61 62 63 0
55 58 59 60 61 0
55 58 59 60 62 0
55 58 59 60 63 0
55 58 59 61 62 0
55 58 59 61 63 0
55 58 59 62 63 0
55 58 60 61 62 0
55 58 60 61 63 0
55 58 60 62 63 0
55 58 61 62 63 0
55 59 60 61 62 0
55 59 60 61 63 0
55 59 60 62 63 0
55 59 61 62 63 0
55 60 61 62 63 0
56 57 58 59 60 0
56 57 58 59 61 0
56 57 58 59 62 0
56 57 58 59 63 0
56 57 58 60 61 0
56 57 58 60 62 0
56 57 58 60 63 0
56 57 58 61 62 0
56 57 58 61 63 0
56 57 58 62 63 0
56 57 59 60 61 0
56 57 59 60 62 0
56 57 59 60 63 0
56 57 59 61 62 0
56 57 59 61 63 0
56 57 59 62 63 0
56 57 60 61 62 0
56 57 60 61 63 0
56 57 60 62 63 0
56 57 61 62 63 0
56 58 59 60 61 0
56 58 59 60 62 0
56 58 59 60 63 0
56 58 59 61 62 0
56 58 59 61 63 0
56 58 59 62 63 0
56 58 60 61 62 0
56 58 60 61 63 0
56 58 60 62 63 0
56 58 61 62 63 0
56 59 60 61 62 0
56 59 60 61 63 0
56 59 60 62 63 0
56 59 61 62 63 0
56 60 61 62 63 0
57 58 59 60 61 0
57 58 59 60 62 0
57 58 59 60 63 0
57 58 59 61 62 0
57 58 59 61 63 0
57 58 59 62 63 0
57 58 60 61 62 0
57 58 60 61 63 0
57 58 60 62 63 0
57 58 61 62 63 0
57 59 60 61 62 0
57 59 60 61 63 0
57 59 60 62 63 0
57 59 61 62 63 0
57 60 61 62 63 0
58 59 60 61 62 0
58 59 60 61 63 0
58 59 60 62 63 0
58 59 61 62 63 0
58 60 61 62 63 0
59 60 61 62 63 0
64 65 66 67 68 0
64 65 66 67 69 0
64 65 66 67 70 0
64 65 66 67 71 0
64 65 66 67 72 0
64 65 66 68 69 0
64 65 66 68 70 0
64 65 66 68 71 0
64 65 66 68 72 0
64 65 66 69 70 0
64 65 66 69 71 0
64 65 66 69 72 0
64 65 66 70 71 0
64 65 66 70 72 0
64 65 66 71 72 0
64 65 67 68 69 0
64 65 67 68 70 0
64 65 67 68 71 0
64 65 67 68 72 0
64 65 67 69 70 0
64 65 67 69 71 0
64 65 67 69 72 0
64 65 67 70 71 0
64 65 67 70 72 0
64 65 67 71 72 0
64 65 68 69 70 0
64 65 68 69 71 0
64 65 68 69 72 0
64 65 68 70 71 0
64 65 68 70 72 0
64 65 68 71 72 0
64 65 69 70 71 0
64 65 69 70 72 0
64 65 69 71 72 0
64 65 70 71 72 0
64 66 67 68 69 0
64 66 67 68 70 0
64 66 67 68 71 0
64 66 67 68 72 0
64 66 67 69 70 0
64 66 67 69 71 0
64 66 67 69 72 0
64 66 67 70 71 0
64 66 67 70 72 0
64 66 67 71 72 0
64 66 68 69 70 0
64 66 68 69 71 0
64 66 68 69 72 0
64 66 68 70 71 0
64 66 68 70 72 0
64 66 68 71 72 0
64 66 69 70 71 0
64 66 69 70 72 0
64 66 69 71 72 0
64 66 70 71 72 0
64 67 68 69 70 0
64 67 68 69 71 0
64 67 68 69 72 0
64 67 68 70 71 0
64 67 68 70 72 0
64 67 68 71 72 0
64 67 69 70 71 0
64 67 69 70 72 0
64 67 69 71 72 0
64 67 70 71 72 0
64 68 69 70 71 0
64 68 69 70 72 0
64 68 69 71 72 0
64 68 70 71 72 0
64 69 70 71 72 0
65 66 67 68 69 0
65 66 67 68 70 0
65 66 67 68 71 0
65 66 67 68 72 0
65 66 67 69 70 0
65 66 67 69 71 0
65 66 67 69 72 0
65 66 67 70 71 0
65 66 67 70 72 0
65 66 67 71 72 0
65 66 68 69 70 0
65 66 68 69 71 0
65 66 68 69 72 0
65 66 68 70 71 0
65 66 68 70 72 0
65 66 68 71 72 0
65 66 69 70 71 0
65 66 69 70 72 0
65 66 69 71 72 0
65 66 70 71 72 0
65 67 68 69 70 0
65 67 68 69 71 0
65 67 68 69 72 0
65 67 68 70 71 0
65 67 68 70 72 0
65 67 68 71 72 0
65 67 69 70 71 0
65 67 69 70 72 0
65 67 69 71 72 0
65 67 70 71 72 0
65 68 69 70 71 0
65 68 69 70 72 0
65 68 69 71 72 0
65 68 70 71 72 0
65 69 70 71 72 0
66 67 68 69 70 0
66 67 68 69 71 0
66 67 68 69 72 0
66 67 68 70 71 0
66 67 68 70 72 0
66 67 68 71 72 0
66 67 69 70 71 0
66 67 69 70 72 0
66 67 69 71 72 0
66 67 70 71 72 0
66 68 69 70 71 0
66 68 69 70 72 0
66 68 69 71 72 0
66 68 70 71 72 0
66 69 70 71 72 0
67 68 69 70 71 0
67 68 69 70 72 0
67 68 69 71 72 0
67 68 70 71 72 0
67 69 70 71 72 0
68 69 70 71 72 0
73 74 75 76 77 78 0
73 74 75 76 77 79 0
73 74 75 76 77 80 0
73 74 75 76 77 81 0
73 74 75 76 78 79 0
73 74 75 76 78 80 0
73 74 75 76 78 81 0
73 74 75 76 79 80 0
73 74 75 76 79 81 0
73 74 75 76 80 81 0
73 74 75 77 78 79 0
73 74 75 77 78 80 0
73 74 75 77 78 81 0
73 74 75 77 79 80 0
73 74 75 77 79 81 0
73 74 75 77 80 81 0
73 74 75 78 79 80 0
73 74 75 78 79 81 0
73 74 75 78 80 81 0
73 74 75 79 80 81 0
73 74 76 77 78 79 0
73 74 76 77 78 80 0
73 74 76 77 78 81 0
73 74 76 77 79 80 0
73 74 76 77 79 81 0
73 74 76 77 80 81 0
73 74 76 78 79 80 0
73 74 76 78 79 81 0
73 74 76 78 80 81 0
73 74 76 79 80 81 0
73 74 77 78 79 80 0
73 74 77 78 79 81 0
73 74 77 78 80 81 0
73 74 77 79 80 81 0
73 74 78 79 80 81 0
73 75 76 77 78 79 0
73 75 76 77 78 80 0
73 75 76 77 78 81 0
73 75 76 77 79 80 0
73 75 76 77 79 81 0
73 75 76 77 80 81 0
73 75 76 78 79 80 0
73 75 76 78 79 81 0
73 75 76 78 80 81 0
73 75 76 79 80 81 0
73 75 77 78 79 80 0
73 75 77 78 79 81 0
73 75 77 78 80 81 0
73 75 77 79 80 81 0
73 75 78 79 80 81 0
73 76 77 78 79 80 0
73 76 77 78 79 81 0
73 76 77 78 80 81 0
73 76 77 79 80 81 0
73 76 78 79 80 81 0
73 77 78 79 80 81 0
74 75 76 77 78 79 0
74 75 76 77 78 80 0
74 75 76 77 78 81 0
74 75 76 77 79 80 0
74 75 76 77 79 81 0
74 75 76 77 80 81 0
74 75 76 78 79 80 0
74 75 76 78 79 81 0
74 75 76 78 80 81 0
74 75 76 79 80 81 0
74 75 77 78 79 80 0
74 75 77 78 79 81 0
74 75 77 78 80 81 0
74 75 77 79 80 81 0
74 75 78 79 80 81 0
74 76 77 78 79 80 0
74 76 77 78 79 81 0
74 76 77 78 80 81 0
74 76 77 79 80 81 0
74 76 78 79 80 81 0
74 77 78 79 80 81 0
75 76 77 78 79 80 0
75 76 77 78 79 81 0
75 76 77 78 80 81 0
75 76 77 79 80 81 0
75 76 78 79 80 81 0
75 77 78 79 80 81 0
76 77 78 79 80 81 0
82 83 84 85 86 0
82 83 84 85 87 0
82 83 84 85 88 0
82 83 84 85 89 0
82 83 84 85 90 0
82 83 84 86 87 0
82 83 84 86 88 0
82 83 84 86 89 0
82 83 84 86 90 0
82 83 84 87 88 0
82 83 84 87 89 0
82 83 84 87 90 0
82 83 84 88 89 0
82 83 84 88 90 0
82 83 84 89 90 0
82 83 85 86 87 0
82 83 85 86 88 0
82 83 85 86 89 0
82 83 85 86 90 0
82 83 85 87 88 0
82 83 85 87 89 0
82 83 85 87 90 0
82 83 85 88 89 0
82 83 85 88 90 0
82 83 85 89 90 0
82 83 86 87 88 0
82 83 86 87 89 0
82 83 86 87 90 0
82 83 86 88 89 0
82 83 86 88 90 0
82 83 86 89 90 0
82 83 87 88 89 0
82 83 87 88 90 0
82 83 87 89 90 0
82 83 88 89 90 0
82 84 85 86 87 0
82 84 85 86 88 0
82 84 85 86 89 0
82 84 85 86 90 0
82 84 85 87 88 0
82 84 85 87 89 0
82 84 85 87 90 0
82 84 85 88 89 0
82 84 85 88 90 0
82 84 85 89 90 0
82 84 86 87 88 0
82 84 86 87 89 0
82 84 86 87 90 0
82 84 86 88 89 0
82 84 86 88 90 0
82 84 86 89 90 0
82 84 87 88 89 0
82 84 87 88 90 0
82 84 87 89 90 0
82 84 88 89 90 0
82 85 86 87 88 0
82 85 86 87 89 0
82 85 86 87 90 0
82 85 86 88 89 0
82 85 86 88 90 0
82 85 86 89 90 0
82 85 87 88 89 0
82 85 87 88 90 0
82 85 87 89 90 0
82 85 88 89 90 0
82 86 87 88 89 0
82 86 87 88 90 0
82 86 87 89 90 0
82 86 88 89 90 0
82 87 88 89 90 0
83 84 85 86 87 0
83 84 85 86 88 0
83 84 85 86 89 0
83 84 85 86 90 0
83 84 85 87 88 0
83 84 85 87 89 0
83 84 85 87 90 0
83 84 85 88 89 0
83 84 85 88 90 0
83 84 85 89 90 0
83 84 86 87 88 0
83 84 86 87 89 0
83 84 86 87 90 0
83 84 86 88 89 0
83 84 86 88 90 0
83 84 86 89 90 0
83 84 87 88 89 0
83 84 87 88 90 0
83 84 87 89 90 0
83 84 88 89 90 0
83 85 86 87 88 0
83 85 86 87 89 0
83 85 86 87 90 0
83 85 86 88 89 0
83 85 86 88 90 0
83 85 86 89 90 0
83 85 87 88 89 0
83 85 87 88 90 0
83 85 87 89 90 0
83 85 88 89 90 0
83 86 87 88 89 0
83 86 87 88 90 0
83 86 87 89 90 0
83 86 88 89 90 0
83 87 88 89 90 0
84 85 86 87 88 0
84 85 86 87 89 0
84 85 86 87 90 0
84 85 86 88 89 0
84 85 86 88 90 0
84 85 86 89 90 0
84 85 87 88 89 0
84 85 87 88 90 0
84 85 87 89 90 0
84 85 88 89 90 0
84 86 87 88 89 0
84 86 87 88 90 0
84 86 87 89 90 0
84 86 88 89 90 0
84 87 88 89 90 0
85 86 87 88 89 0
85 86 87 88 90 0
85 86 87 89 90 0
85 86 88 89 90 0
85 87 88 89 90 0
86 87 88 89 90 0
91 92 93 94 0
91 92 93 95 0
91 92 93 96 0
91 92 93 97 0
91 92 93 98 0
91 92 93 99 0
91 92 94 95 0
91 92 94 96 0
91 92 94 97 0
91 92 94 98 0
91 92 94 99 0
91 92 95 96 0
91 92 95 97 0
91 92 95 98 0
91 92 95 99 0
91 92 96 97 0
91 92 96 98 0
91 92 96 99 0
91 92 97 98 0
91 92 97 99 0
91 92 98 99 0
91 93 94 95 0
91 93 94 96 0
91 93 94 97 0
91 93 94 98 0
91 93 94 99 0
91 93 95 96 0
91 93 95 97 0
91 93 95 98 0
91 93 95 99 0
91 93 96 97 0
91 93 96 98 0
91 93 96 99 0
91 93 97 98 0
91 93 97 99 0
91 93 98 99 0
91 94 95 96 0
91 94 95 97 0
91 94 95 98 0
91 94 95 99 0
91 94 96 97 0
91 94 96 98 0
91 94 96 99 0
91 94 97 98 0
91 94 97 99 0
91 94 98 99 0
91 95 96 97 0
91 95 96 98 0
91 95 96 99 0
91 95 97 98 0
91 95 97 99 0
91 95 98 99 0
91 96 97 98 0
91 96 97 99 0
91 96 98 99 0
91 97 98 99 0
92 93 94 95 0
92 93 94 96 0
92 93 94 97 0
92 93 94 98 0
92 93 94 99 0
92 93 95 96 0
92 93 95 97 0
92 93 95 98 0
92 93 95 99 0
92 93 96 97 0
92 93 96 98 0
92 93 96 99 0
92 93 97 98 0
92 93 97 99 0
92 93 98 99 0
92 94 95 96 0
92 94 95 97 0
92 94 95 98 0
92 94 95 99 0
92 94 96 97 0
92 94 96 98 0
92 94 96 99 0
92 94 97 98 0
92 94 97 99 0
92 94 98 99 0
92 95 96 97 0
92 95 96 98 0
92 95 96 99 0
92 95 97 98 0
92 95 97 99 0
92 95 98 99 0
92 96 97 98 0
92 96 97 99 0
92 96 98 99 0
92 97 98 99 0
93 94 95 96 0
93 94 95 97 0
93 94 95 98 0
93 94 95 99 0
93 94 96 97 0
93 94 96 98 0
93 94 96 99 0
93 94 97 98 0
93 94 97 99 0
93 94 98 99 0
93 95 96 97 0
93 95 96 98 0
93 95 96 99 0
93 95 97 98 0
93 95 97 99 0
93 95 98 99 0
93 96 97 98 0
93 96 97 99 0
93 96 98 99 0
93 97 98 99 0
94 95 96 97 0
94 95 96 98 0
94 95 96 99 0
94 95 97 98 0
94 95 97 99 0
94 95 98 99 0
94 96 97 98 0
94 96 97 99 0
94 96 98 99 0
94 97 98 99 0
95 96 97 98 0
95 96 97 99 0
95 96 98 99 0
95 97 98 99 0
96 97 98 99 0
100 101 102 103 0
100 101 102 104 0
100 101 102 105 0
100 101 102 106 0
100 101 102 107 0
100 101 102 108 0
100 101 103 104 0
100 101 103 105 0
100 101 103 106 0
100 101 103 107 0
100 101 103 108 0
100 101 104 105 0
100 101 104 106 0
100 101 104 107 0
100 101 104 108 0
100 101 105 106 0
100 101 105 107 0
100 101 105 108 0
100 101 106 107 0
100 101 106 108 0
100 101 107 108 0
100 102 103 104 0
100 102 103 105 0
100 102 103 106 0
100 102 103 107 0
100 102 103 108 0
100 102 104 105 0
100 102 104 106 0
100 102 104 107 0
100 102 104 108 0
100 102 105 106 0
100 102 105 107 0
100 102 105 108 0
100 102 106 107 0
100 102 106 108 0
100 102 107 108 0
100 103 104 105 0
100 103 104 106 0
100 103 104 107 0
100 103 104 108 0
100 103 105 106 0
100 103 105 107 0
100 103 105 108 0
100 103 106 107 0
100 103 106 108 0
100 103 107 108 0
100 104 105 106 0
100 104 105 107 0
100 104 105 108 0
100 104 106 107 0
100 104 106 108 0
100 104 107 108 0
100 105 106 107 0
100 105 106 108 0
100 105 107 108 0
100 106 107 108 0
101 102 103 104 0
101 102 103 105 0
101 102 103 106 0
101 102 103 107 0
101 102 103 108 0
101 102 104 105 0
101 102 104 106 0
101 102 104 107 0
101 102 104 108 0
101 102 105 106 0
101 102 105 107 0
101 102 105 108 0
101 102 106 107 0
101 102 106 108 0
101 102 107 108 0
101 103 104 105 0
101 103 104 106 0
101 103 104 107 0
101 103 104 108 0
101 103 105 106 0
101 103 105 107 0
101 103 105 108 0
101 103 106 107 0
101 103 106 108 0
101 103 107 108 0
101 104 105 106 0
101 104 105 107 0
101 104 105 108 0
101 104 106 107 0
101 104 106 108 0
101 104 107 108 0
101 105 106 107 0
101 105 106 108 0
101 105 107 108 0
101 106 107 108 0
102 103 104 105 0
102 103 104 106 0
102 103 104 107 0
102 103 104 108 0
102 103 105 106 0
102 103 105 107 0
102 103 105 108 0
102 103 106 107 0
102 103 106 108 0
102 103 107 108 0
102 104 105 106 0
102 104 105 107 0
102 104 105 108 0
102 104 106 107 0
102 104 106 108 0
102 104 107 108 0
102 105 106 107 0
102 105 106 108 0
102 105 107 108 0
102 106 107 108 0
103 104 105 106 0
103 104 105 107 0
103 104 105 108 0
103 104 106 107 0
103 104 106 108 0
103 104 107 108 0
103 105 106 107 0
103 105 106 108 0
103 105 107 108 0
103 106 107 108 0
104 105 106 107 0
104 105 106 108 0
104 105 107 108 0
104 106 107 108 0
105 106 107 108 0
109 110 111 112 113 0
109 110 111 112 114 0
109 110 111 112 115 0
109 110 111 112 116 0
109 110 111 112 117 0
109 110 111 113 114 0
109 110 111 113 115 0
109 110 111 113 116 0
109 110 111 113 117 0
109 110 111 114 115 0
109 110 111 114 116 0
109 110 111 114 117 0
109 110 111 115 116 0
109 110 111 115 117 0
109 110 111 116 117 0
109 110 112 113 114 0
109 110 112 113 115 0
109 110 112 113 116 0
109 110 112 113 117 0
109 110 112 114 115 0
109 110 112 114 116 0
109 110 112 114 117 0
109 110 112 115 116 0
109 110 112 115 117 0
109 110 112 116 117 0
109 110 113 114 115 0
109 110 113 114 116 0
109 110 113 114 117 0
109 110 113 115 116 0
109 110 113 115 117 0
109 110 113 116 117 0
109 110 114 115 116 0
109 110 114 115 117 0
109 110 114 116 117 0
109 110 115 116 117 0
109 111 112 113 114 0
109 111 112 113 115 0
109 111 112 113 116 0
109 111 112 113 117 0
109 111 112 114 115 0
109 111 112 114 116 0
109 111 112 114 117 0
109 111 112 115 116 0
109 111 112 115 117 0
109 111 112 116 117 0
109 111 113 114 115 0
109 111 113 114 116 0
109 111 113 114 117 0
109 111 113 115 116 0
109 111 113 115 117 0
109 111 113 116 117 0
109 111 114 115 116 0
109 111 114 115 117 0
109 111 114 116 117 0
109 111 115 116 117 0
109 112 113 114 115 0
109 112 113 114 116 0
109 112 113 114 117 0
109 112 113 115 116 0
109 112 113 115 117 0
109 112 113 116 117 0
109 112 114 115 116 0
109 112 114 115 117 0
109 112 114 116 117 0
109 112 115 116 117 0
109 113 114 115 116 0
109 113 114 115 117 0
109 113 114 116 117 0
109 113 115 116 117 0
109 114 115 116 117 0
110 111 112 113 114 0
110 111 112 113 115 0
110 111 112 113 116 0
110 111 112 113 117 0
110 111 112 114 115 0
110 111 112 114 116 0
110 111 112 114 117 0
110 111 112 115 116 0
110 111 112 115 117 0
110 111 112 116 117 0
110 111 113 114 115 0
110 111 113 114 116 0
110 111 113 114 117 0
110 111 113 115 116 0
110 111 113 115 117 0
110 111 113 116 117 0
110 111 114 115 116 0
110 111 114 115 117 0
110 111 114 116 117 0
110 111 115 116 117 0
110 112 113 114 115 0
110 112 113 114 116 0
110 112 113 114 117 0
110 112 113 115 116 0
110 112 113 115 117 0
110 112 113 116 117 0
110 112 114 115 116 0
110 112 114 115 117 0
110 112 114 116 117 0
110 112 115 116 117 0
110 113 114 115 116 0
110 113 114 115 117 0
110 113 114 116 117 0
110 113 115 116 117 0
110 114 115 116 117 0
111 112 113 114 115 0
111 112 113 114 116 0
111 112 113 114 117 0
111 112 113 115 116 0
111 112 113 115 117 0
111 112 113 116 117 0
111 112 114 115 116 0
111 112 114 115 117 0
111 112 114 116 117 0
111 112 115 116 117 0
111 113 114 115 116 0
111 113 114 115 117 0
111 113 114 116 117 0
111 113 115 116 117 0
111 114 115 116 117 0
112 113 114 115 116 0
112 113 114 115 117 0
112 113 114 116 117 0
112 113 115 116 117 0
112 114 115 116 117 0
113 114 115 116 117 0
118 119 120 121 122 123 0
118 119 120 121 122 124 0
118 119 120 121 122 125 0
118 119 120 121 122 126 0
118 119 120 121 123 124 0
118 119 120 121 123 125 0
118 119 120 121 123 126 0
118 119 120 121 124 125 0
118 119 120 121 124 126 0
118 119 120 121 125 126 0
118 119 120 122 123 124 0
118 119 120 122 123 125 0
118 119 120 122 123 126 0
118 119 120 122 124 125 0
118 119 120 122 124 126 0
118 119 120 122 125 126 0
118 119 120 123 124 125 0
118 119 120 123 124 126 0
118 119 120 123 125 126 0
118 119 120 124 125 126 0
118 119 121 122 123 124 0
118 119 121 122 123 125 0
118 119 121 122 123 126 0
118 119 121 122 124 125 0
118 119 121 122 124 126 0
118 119 121 122 125 126 0
118 119 121 123 124 125 0
118 119 121 123 124 126 0
118 119 121 123 125 126 0
118 119 121 124 125 126 0
118 119 122 123 124 125 0
118 119 122 123 124 126 0
118 119 122 123 125 126 0
118 119 122 124 125 126 0
118 119 123 124 125 126 0
118 120 121 122 123 124 0
118 120 121 122 123 125 0
118 120 121 122 123 126 0
118 120 121 122 124 125 0
118 120 121 122 124 126 0
118 120 121 122 125 126 0
118 120 121 123 124 125 0
118 120 121 123 124 126 0
118 120 121 123 125 126 0
118 120 121 124 125 126 0
118 120 122 123 124 125 0
118 120 122 123 124 126 0
118 120 122 123 125 126 0
118 120 122 124 125 126 0
118 120 123 124 125 126 0
118 121 122 123 124 125 0
118 121 122 123 124 126 0
118 121 122 123 125 126 0
118 121 122 124 125 126 0
118 121 123 124 125 126 0
118 122 123 124 125 126 0
119 120 121 122 123 124 0
119 120 121 122 123 125 0
119 120 121 122 123 126 0
119 120 121 122 124 125 0
119 120 121 122 124 126 0
119 120 121 122 125 126 0
119 120 121 123 124 125 0
119 120 121 123 124 126 0
119 120 121 123 125 126 0
119 120 121 124 125 126 0
119 120 122 123 124 125 0
119 120 122 123 124 126 0
119 120 122 123 125 126 0
119 120 122 124 125 126 0
119 120 123 124 125 126 0
119 121 122 123 124 125 0
119 121 122 123 124 126 0
119 121 122 123 125 126 0
119 121 122 124 125 126 0
119 121 123 124 125 126 0
119 122 123 124 125 126 0
120 121 122 123 124 125 0
120 121 122 123 124 126 0
120 121 122 123 125 126 0
120 121 122 124 125 126 0
120 121 123 124 125 126 0
120 122 123 124 125 126 0
121 122 123 124 125 126 0
127 128 129 130 131 132 0
127 128 129 130 131 133 0
127 128 129 130 131 134 0
127 128 129 130 131 135 0
127 128 129 130 132 133 0
127 128 129 130 132 134 0
127 128 129 130 132 135 0
127 128 129 130 133 134 0
127 128 129 130 133 135 0
127 128 129 130 134 135 0
127 128 129 131 132 133 0
127 128 129 131 132 134 0
127 128 129 131 132 135 0
127 128 129 131 133 134 0
127 128 129 131 133 135 0
127 128 129 131 134 135 0
127 128 129 132 133 134 0
127 128 129 132 133 135 0
127 128 129 132 134 135 0
127 128 129 133 134 135 0
127 128 130 131 132 133 0
127 128 130 131 132 134 0
127 128 130 131 132 135 0
127 128 130 131 133 134 0
127 128 130 131 133 135 0
127 128 130 131 134 135 0
127 128 130 132 133 134 0
127 128 130 132 133 135 0
127 128 130 132 134 135 0
127 128 130 133 134 135 0
127 128 131 132 133 134 0
127 128 131 132 133 135 0
127 128 131 132 134 135 0
127 128 131 133 134 135 0
127 128 132 133 134 135 0
127 129 130 131 132 133 0
127 129 130 131 132 134 0
127 129 130 131 132 135 0
127 129 130 131 133 134 0
127 129 130 131 133 135 0
127 129 130 131 134 135 0
127 129 130 132 133 134 0
127 129 130 132 133 135 0
127 129 130 132 134 135 0
127 129 130 133 134 135 0
127 129 131 132 133 134 0
127 129 131 132 133 135 0
127 129 131 132 134 135 0
127 129 131 133 134 135 0
127 129 132 133 134 135 0
127 130 131 132 133 134 0
127 130 131 132 133 135 0
127 130 131 132 134 135 0
127 130 131 133 134 135 0
127 130 132 133 134 135 0
127 131 132 133 134 135 0
128 129 130 131 132 133 0
128 129 130 131 132 134 0
128 129 130 131 132 135 0
128 129 130 131 133 134 0
128 129 130 131 133 135 0
128 129 130 131 134 135 0
128 129 130 132 133 134 0
128 129 130 132 133 135 0
128 129 130 132 134 135 0
128 129 130 133 134 135 0
128 129 131 132 133 134 0
128 129 131 132 133 135 0
128 129 131 132 134 135 0
128 129 131 133 134 135 0
128 129 132 133 134 135 0
128 130 131 132 133 134 0
128 130 131 132 133 135 0
128 130 131 132 134 135 0
128 130 131 133 134 135 0
128 130 132 133 134 135 0
128 131 132 133 134 135 0
129 130 131 132 133 134 0
129 130 131 132 133 135 0
129 130 131 132 134 135 0
129 130 131 133 134 135 0
129 130 132 133 134 135 0
129 131 132 133 134 135 0
130 131 132 133 134 135 0
136 137 138 139 140 0
136 137 138 139 141 0
136 137 138 139 142 0
136 137 138 139 143 0
136 137 138 139 144 0
136 137 138 140 141 0
136 137 138 140 142 0
136 137 138 140 143 0
136 137 138 140 144 0
136 137 138 141 142 0
136 137 138 141 143 0
136 137 138 141 144 0
136 137 138 142 143 0
136 137 138 142 144 0
136 137 138 143 144 0
136 137 139 140 141 0
136 137 139 140 142 0
136 137 139 140 143 0
136 137 139 140 144 0
136 137 139 141 142 0
136 137 139 141 143 0
136 137 139 141 144 0
136 137 139 142 143 0
136 137 139 142 144 0
136 137 139 143 144 0
136 137 140 141 142 0
136 137 140 141 143 0
136 137 140 141 144 0
136 137 140 142 143 0
136 137 140 142 144 0
136 137 140 143 144 0
136 137 141 142 143 0
136 137 141 142 144 0
136 137 141 143 144 0
136 137 142 143 144 0
136 138 139 140 141 0
136 138 139 140 142 0
136 138 139 140 143 0
136 138 139 140 144 0
136 138 139 141 142 0
136 138 139 141 143 0
136 138 139 141 144 0
136 138 139 142 143 0
136 138 139 142 144 0
136 138 139 143 144 0
136 138 140 141 142 0
136 138 140 141 143 0
136 138 140 141 144 0
136 138 140 142 143 0
136 138 140 142 144 0
136 138 140 143 144 0
136 138 141 142 143 0
136 138 141 142 144 0
136 138 141 143 144 0
136 138 142 143 144 0
136 139 140 141 142 0
136 139 140 141 143 0
136 139 140 141 144 0
136 139 140 142 143 0
136 139 140 142 144 0
136 139 140 143 144 0
136 139 141 142 143 0
136 139 141 142 144 0
136 139 141 143 144 0
136 139 142 143 144 0
136 140 141 142 143 0
136 140 141 142 144 0
136 140 141 143 144 0
136 140 142 143 144 0
136 141 142 143 144 0
137 138 139 140 141 0
137 138 139 140 142 0
137 138 139 140 143 0
137 138 139 140 144 0
137 138 139 141 142 0
137 138 139 141 143 0
137 138 139 141 144 0
137 138 139 142 143 0
137 138 139 142 144 0
137 138 139 143 144 0
137 138 140 141 142 0
137 138 140 141 143 0
137 138 140 141 144 0
137 138 140 142 143 0
137 138 140 142 144 0
137 138 140 143 144 0
137 138 141 142 143 0
137 138 141 142 144 0
137 138 141 143 144 0
137 138 142 143 144 0
137 139 140 141 142 0
137 139 140 141 143 0
137 139 140 141 144 0
137 139 140 142 143 0
137 139 140 142 144 0
137 139 140 143 144 0
137 139 141 142 143 0
137 139 141 142 144 0
137 139 141 143 144 0
137 139 142 143 144 0
137 140 141 142 143 0
137 140 141 142 144 0
137 140 141 143 144 0
137 140 142 143 144 0
137 141 142 143 144 0
138 139 140 141 142 0
138 139 140 141 143 0
138 139 140 141 144 0
138 139 140 142 143 0
138 139 140 142 144 0
138 139 140 143 144 0
138 139 141 142 143 0
138 139 141 142 144 0
138 139 141 143 144 0
138 139 142 143 144 0
138 140 141 142 143 0
138 140 141 142 144 0
138 140 141 143 144 0
138 140 142 143 144 0
138 141 142 143 144 0
139 140 141 142 143 0
139 140 141 142 144 0
139 140 141 143 144 0
139 140 142 143 144 0
139 141 142 143 144 0
140 141 142 143 144 0
145 146 147 148 149 150 0
145 146 147 148 149 151 0
145 146 147 148 149 152 0
145 146 147 148 149 153 0
145 146 147 148 150 151 0
145 146 147 148 150 152 0
145 146 147 148 150 153 0
145 146 147 148 151 152 0
145 146 147 148 151 153 0
145 146 147 148 152 153 0
145 146 147 149 150 151 0
145 146 147 149 150 152 0
145 146 147 149 150 153 0
145 146 147 149 151 152 0
145 146 147 149 151 153 0
145 146 147 149 152 153 0
145 146 147 150 151 152 0
145 146 147 150 151 153 0
145 146 147 150 152 153 0
145 146 147 151 152 153 0
145 146 148 149 150 151 0
145 146 148 149 150 152 0
145 146 148 149 150 153 0
145 146 148 149 151 152 0
145 146 148 149 151 153 0
145 146 148 149 152 153 0
145 146 148 150 151 152 0
145 146 148 150 151 153 0
145 146 148 150 152 153 0
145 146 148 151 152 153 0
145 146 149 150 151 152 0
145 146 149 150 151 153 0
145 146 149 150 152 153 0
145 146 149 151 152 153 0
145 146 150 151 152 153 0
145 147 148 149 150 151 0
145 147 148 149 150 152 0
145 147 148 149 150 153 0
145 147 148 149 151 152 0
145 147 148 149 151 153 0
145 147 148 149 152 153 0
145 147 148 150 151 152 0
145 147 148 150 151 153 0
145 147 148 150 152 153 0
145 147 148 151 152 153 0
145 147 149 150 151 152 0
145 147 149 150 151 153 0
145 147 149 150 152 153 0
145 147 149 151 152 153 0
145 147 150 151 152 153 0
145 148 149 150 151 152 0
145 148 149 150 151 153 0
145 148 149 150 152 153 0
145 148 149 151 152 153 0
145 148 150 151 152 153 0
145 149 150 151 152 153 0
146 147 148 149 150 151 0
146 147 148 149 150 152 0
146 147 148 149 150 153 0
146 147 148 149 151 152 0
146 147 148 149 151 153 0
146 147 148 149 152 153 0
146 147 148 150 151 152 0
146 147 148 150 151 153 0
146 147 148 150 152 153 0
146 147 148 151 152 153 0
146 147 149 150 151 152 0
146 147 149 150 151 153 0
146 147 149 150 152 153 0
146 147 149 151 152 153 0
146 147 150 151 152 153 0
146 148 149 150 151 152 0
146 148 149 150 151 153 0
146 148 149 150 152 153 0
146 148 149 151 152 153 0
146 148 150 151 152 153 0
146 149 150 151 152 153 0
147 148 149 150 151 152 0
147 148 149 150 151 153 0
147 148 149 150 152 153 0
147 148 149 151 152 153 0
147 148 150 151 152 153 0
147 149 150 151 152 153 0
148 149 150 151 152 153 0
154 155 156 157 158 0
154 155 156 157 159 0
154 155 156 157 160 0
154 155 156 157 161 0
154 155 156 157 162 0
154 155 156 158 159 0
154 155 156 158 160 0
154 155 156 158 161 0
154 155 156 158 162 0
154 155 156 159 160 0
154 155 156 159 161 0
154 155 156 159 162 0
154 155 156 160 161 0
154 155 156 160 162 0
154 155 156 161 162 0
154 155 157 158 159 0
154 155 157 158 160 0
154 155 157 158 161 0
154 155 157 158 162 0
154 155 157 159 160 0
154 155 157 159 161 0
154 155 157 159 162 0
154 155 157 160 161 0
154 155 157 160 162 0
154 155 157 161 162 0
154 155 158 159 160 0
154 155 158 159 161 0
154 155 158 159 162 0
154 155 158 160 161 0
154 155 158 160 162 0
154 155 158 161 162 0
154 155 159 160 161 0
154 155 159 160 162 0
154 155 159 161 162 0
154 155 160 161 162 0
154 156 157 158 159 0
154 156 157 158 160 0
154 156 157 158 161 0
154 156 157 158 162 0
154 156 157 159 160 0
154 156 157 159 161 0
154 156 157 159 162 0
154 156 157 160 161 0
154 156 157 160 162 0
154 156 157 161 162 0
154 156 158 159 160 0
154 156 158 159 161 0
154 156 158 159 162 0
154 156 158 160 161 0
154 156 158 160 162 0
154 156 158 161 162 0
154 156 159 160 161 0
154 156 159 160 162 0
154 156 159 161 162 0
154 156 160 161 162 0
154 157 158 159 160 0
154 157 158 159 161 0
154 157 158 159 162 0
154 157 158 160 161 0
154 157 158 160 162 0
154 157 158 161 162 0
154 157 159 160 161 0
154 157 159 160 162 0
154 157 159 161 162 0
154 157 160 161 162 0
154 158 159 160 161 0
154 158 159 160 162 0
154 158 159 161 162 0
154 158 160 161 162 0
154 159 160 161 162 0
155 156 157 158 159 0
155 156 157 158 160 0
155 156 157 158 161 0
155 156 157 158 162 0
155 156 157 159 160 0
155 156 157 159 161 0
155 156 157 159 162 0
155 156 157 160 161 0
155 156 157 160 162 0
155 156 157 161 162 0
155 156 158 159 160 0
155 156 158 159 161 0
155 156 158 159 162 0
155 156 158 160 161 0
155 156 158 160 162 0
155 156 158 161 162 0
155 156 159 160 161 0
155 156 159 160 162 0
155 156 159 161 162 0
155 156 160 161 162 0
155 157 158 159 160 0
155 157 158 159 161 0
155 157 158 159 162 0
155 157 158 160 161 0
155 157 158 160 162 0
155 157 158 161 162 0
155 157 159 160 161 0
155 157 159 160 162 0
155 157 159 161 162 0
155 157 160 161 162 0
155 158 159 160 161 0
155 158 159 160 162 0
155 158 159 161 162 0
155 158 160 161 162 0
155 159 160 161 162 0
156 157 158 159 160 0
156 157 158 159 161 0
156 157 158 159 162 0
156 157 158 160 161 0
156 157 158 160 162 0
156 157 158 161 162 0
156 157 159 160 161 0
156 157 159 160 162 0
156 157 159 161 162 0
156 157 160 161 162 0
156 158 159 160 161 0
156 158 159 160 162 0
156 158 159 161 162 0
156 158 160 161 162 0
156 159 160 161 162 0
157 158 159 160 161 0
157 158 159 160 162 0
157 158 159 161 162 0
157 158 160 161 162 0
157 159 160 161 162 0
158 159 160 161 162 0
163 164 165 166 167 168 0
163 164 165 166 167 169 0
163 164 165 166 167 170 0
163 164 165 166 167 171 0
163 164 165 166 168 169 0
163 164 165 166 168 170 0
163 164 165 166 168 171 0
163 164 165 166 169 170 0
163 164 165 166 169 171 0
163 164 165 166 170 171 0
163 164 165 167 168 169 0
163 164 165 167 168 170 0
163 164 165 167 168 171 0
163 164 165 167 169 170 0
163 164 165 167 169 171 0
163 164 165 167 170 171 0
163 164 165 168 169 170 0
163 164 165 168 169 171 0
163 164 165 168 170 171 0
163 164 165 169 170 171 0
163 164 166 167 168 169 0
163 164 166 167 168 170 0
163 164 166 167 168 171 0
163 164 166 167 169 170 0
163 164 166 167 169 171 0
163 164 166 167 170 171 0
163 164 166 168 169 170 0
163 164 166 168 169 171 0
163 164 166 168 170 171 0
163 164 166 169 170 171 0
163 164 167 168 169 170 0
163 164 167 168 169 171 0
163 164 167 168 170 171 0
163 164 167 169 170 171 0
163 164 168 169 170 171 0
163 165 166 167 168 169 0
163 165 166 167 168 170 0
163 165 166 167 168 171 0
163 165 166 167 169 170 0
163 165 166 167 169 171 0
163 165 166 167 170 171 0
163 165 166 168 169 170 0
163 165 166 168 169 171 0
163 165 166 168 170 171 0
163 165 166 169 170 171 0
163 165 167 168 169 170 0
163 165 167 168 169 171 0
163 165 167 168 170 171 0
163 165 167 169 170 171 0
163 165 168 169 170 171 0
163 166 167 168 169 170 0
163 166 167 168 169 171 0
163 166 167 168 170 171 0
163 166 167 169 170 171 0
163 166 168 169 170 171 0
163 167 168 169 170 171 0
164 165 166 167 168 169 0
164 165 166 167 168 170 0
164 165 166 167 168 171 0
164 165 166 167 169 170 0
164 165 166 167 169 171 0
164 165 166 167 170 171 0
164 165 166 168 169 170 0
164 165 166 168 169 171 0
164 165 166 168 170 171 0
164 165 166 169 170 171 0
164 165 167 168 169 170 0
164 165 167 168 169 171 0
164 165 167 168 170 171 0
164 165 167 169 170 171 0
164 165 168 169 170 171 0
164 166 167 168 169 170 0
164 166 167 168 169 171 0
164 166 167 168 170 171 0
164 166 167 169 170 171 0
164 166 168 169 170 171 0
164 167 168 169 170 171 0
165 166 167 168 169 170 0
165 166 167 168 169 171 0
165 166 167 168 170 171 0
165 166 167 169 170 171 0
165 166 168 169 170 171 0
165 167 168 169 170 171 0
166 167 168 169 170 171 0
172 173 174 175 176 0
172 173 174 175 177 0
172 173 174 175 178 0
172 173 174 175 179 0
172 173 174 175 180 0
172 173 174 176 177 0
172 173 174 176 178 0
172 173 174 176 179 0
172 173 174 176 180 0
172 173 174 177 178 0
172 173 174 177 179 0
172 173 174 177 180 0
172 173 174 178 179 0
172 173 174 178 180 0
172 173 174 179 180 0
172 173 175 176 177 0
172 173 175 176 178 0
172 173 175 176 179 0
172 173 175 176 180 0
172 173 175 177 178 0
172 173 175 177 179 0
172 173 175 177 180 0
172 173 175 178 179 0
172 173 175 178 180 0
172 173 175 179 180 0
172 173 176 177 178 0
172 173 176 177 179 0
172 173 176 177 180 0
172 173 176 178 179 0
172 173 176 178 180 0
172 173 176 179 180 0
172 173 177 178 179 0
172 173 177 178 180 0
172 173 177 179 180 0
172 173 178 179 180 0
172 174 175 176 177 0
172 174 175 176 178 0
172 174 175 176 179 0
172 174 175 176 180 0
172 174 175 177 178 0
172 174 175 177 179 0
172 174 175 177 180 0
172 174 175 178 179 0
172 174 175 178 180 0
172 174 175 179 180 0
172 174 176 177 178 0
172 174 176 177 179 0
172 174 176 177 180 0
172 174 176 178 179 0
172 174 176 178 180 0
172 174 176 179 180 0
172 174 177 178 179 0
172 174 177 178 180 0
172 174 177 179 180 0
172 174 178 179 180 0
172 175 176 177 178 0
172 175 176 177 179 0
172 175 176 177 180 0
172 175 176 178 179 0
172 175 176 178 180 0
172 175 176 179 180 0
172 175 177 178 179 0
172 175 177 178 180 0
172 175 177 179 180 0
172 175 178 179 180 0
172 176 177 178 179 0
172 176 177 178 180 0
172 176 177 179 180 0
172 176 178 179 180 0
172 177 178 179 180 0
173 174 175 176 177 0
173 174 175 176 178 0
173 174 175 176 179 0
173 174 175 176 180 0
173 174 175 177 178 0
173 174 175 177 179 0
173 174 175 177 180 0
173 174 175 178 179 0
173 174 175 178 180 0
173 174 175 179 180 0
173 174 176 177 178 0
173 174 176 177 179 0
173 174 176 177 180 0
173 174 176 178 179 0
173 174 176 178 180 0
173 174 176 179 180 0
173 174 177 178 179 0
173 174 177 178 180 0
173 174 177 179 180 0
173 174 178 179 180 0
173 175 176 177 178 0
173 175 176 177 179 0
173 175 176 177 180 0
173 175 176 178 179 0
173 175 176 178 180 0
173 175 176 179 180 0
173 175 177 178 179 0
173 175 177 178 180 0
173 175 177 179 180 0
173 175 178 179 180 0
173 176 177 178 179 0
173 176 177 178 180 0
173 176 177 179 180 0
173 176 178 179 180 0
173 177 178 179 180 0
174 175 176 177 178 0
174 175 176 177 179 0
174 175 176 177 180 0
174 175 176 178 179 0
174 175 176 178 180 0
174 175 176 179 180 0
174 175 177 178 179 0
174 175 177 178 180 0
174 175 177 179 180 0
174 175 178 179 180 0
174 176 177 178 179 0
174 176 177 178 180 0
174 176 177 179 180 0
174 176 178 179 180 0
174 177 178 179 180 0
175 176 177 178 179 0
175 176 177 178 180 0
175 176 177 179 180 0
175 176 178 179 180 0
175 177 178 179 180 0
176 177 178 179 180 0
181 182 183 184 185 186 0
181 182 183 184 185 187 0
181 182 183 184 185 188 0
181 182 183 184 185 189 0
181 182 183 184 186 187 0
181 182 183 184 186 188 0
181 182 183 184 186 189 0
181 182 183 184 187 188 0
181 182 183 184 187 189 0
181 182 183 184 188 189 0
181 182 183 185 186 187 0
181 182 183 185 186 188 0
181 182 183 185 186 189 0
181 182 183 185 187 188 0
181 182 183 185 187 189 0
181 182 183 185 188 189 0
181 182 183 186 187 188 0
181 182 183 186 187 189 0
181 182 183 186 188 189 0
181 182 183 187 188 189 0
181 182 184 185 186 187 0
181 182 184 185 186 188 0
181 182 184 185 186 189 0
181 182 184 185 187 188 0
181 182 184 185 187 189 0
181 182 184 185 188 189 0
181 182 184 186 187 188 0
181 182 184 186 187 189 0
181 182 184 186 188 189 0
181 182 184 187 188 189 0
181 182 185 186 187 188 0
181 182 185 186 187 189 0
181 182 185 186 188 189 0
181 182 185 187 188 189 0
181 182 186 187 188 189 0
181 183 184 185 186 187 0
181 183 184 185 186 188 0
181 183 184 185 186 189 0
181 183 184 185 187 188 0
181 183 184 185 187 189 0
181 183 184 185 188 189 0
181 183 184 186 187 188 0
181 183 184 186 187 189 0
181 183 184 186 188 189 0
181 183 184 187 188 189 0
181 183 185 186 187 188 0
181 183 185 186 187 189 0
181 183 185 186 188 189 0
181 183 185 187 188 189 0
181 183 186 187 188 189 0
181 184 185 186 187 188 0
181 184 185 186 187 189 0
181 184 185 186 188 189 0
181 184 185 187 188 189 0
181 184 186 187 188 189 0
181 185 186 187 188 189 0
182 183 184 185 186 187 0
182 183 184 185 186 188 0
182 183 184 185 186 189 0
182 183 184 185 187 188 0
182 183 184 185 187 189 0
182 183 184 185 188 189 0
182 183 184 186 187 188 0
182 183 184 186 187 189 0
182 183 184 186 188 189 0
182 183 184 187 188 189 0
182 183 185 186 187 188 0
182 183 185 186 187 189 0
182 183 185 186 188 189 0
182 183 185 187 188 189 0
182 183 186 187 188 189 0
182 184 185 186 187 188 0
182 184 185 186 187 189 0
182 184 185 186 188 189 0
182 184 185 187 188 189 0
182 184 186 187 188 189 0
182 185 186 187 188 189 0
183 184 185 186 187 188 0
183 184 185 186 187 189 0
183 184 185 186 188 189 0
183 184 185 187 188 189 0
183 184 186 187 188 189 0
183 185 186 187 188 189 0
184 185 186 187 188 189 0
190 191 192 193 194 0
190 191 192 193 195 0
190 191 192 193 196 0
190 191 192 193 197 0
190 191 192 193 198 0
190 191 192 194 195 0
190 191 192 194 196 0
190 191 192 194 197 0
190 191 192 194 198 0
190 191 192 195 196 0
190 191 192 195 197 0
190 191 192 195 198 0
190 191 192 196 197 0
190 191 192 196 198 0
190 191 192 197 198 0
190 191 193 194 195 0
190 191 193 194 196 0
190 191 193 194 197 0
190 191 193 194 198 0
190 191 193 195 196 0
190 191 193 195 197 0
190 191 193 195 198 0
190 191 193 196 197 0
190 191 193 196 198 0
190 191 193 197 198 0
190 191 194 195 196 0
190 191 194 195 197 0
190 191 194 195 198 0
190 191 194 196 197 0
190 191 194 196 198 0
190 191 194 197 198 0
190 191 195 196 197 0
190 191 195 196 198 0
190 191 195 197 198 0
190 191 196 197 198 0
190 192 193 194 195 0
190 192 193 194 196 0
190 192 193 194 197 0
190 192 193 194 198 0
190 192 193 195 196 0
190 192 193 195 197 0
190 192 193 195 198 0
190 192 193 196 197 0
190 192 193 196 198 0
190 192 193 197 198 0
190 192 194 195 196 0
190 192 194 195 197 0
190 192 194 195 198 0
190 192 194 196 197 0
190 192 194 196 198 0
190 192 194 197 198 0
190 192 195 196 197 0
190 192 195 196 198 0
190 192 195 197 198 0
190 192 196 197 198 0
190 193 194 195 196 0
190 193 194 195 197 0
190 193 194 195 198 0
190 193 194 196 197 0
190 193 194 196 198 0
190 193 194 197 198 0
190 193 195 196 197 0
190 193 195 196 198 0
190 193 195 197 198 0
190 193 196 197 198 0
190 194 195 196 197 0
190 194 195 196 198 0
190 194 195 197 198 0
190 194 196 197 198 0
190 195 196 197 198 0
191 192 193 194 195 0
191 192 193 194 196 0
191 192 193 194 197 0
191 192 193 194 198 0
191 192 193 195 196 0
191 192 193 195 197 0
191 192 193 195 198 0
191 192 193 196 197 0
191 192 193 196 198 0
191 192 193 197 198 0
191 192 194 195 196 0
191 192 194 195 197 0
191 192 194 195 198 0
191 192 194 196 197 0
191 192 194 196 198 0
191 192 194 197 198 0
191 192 195 196 197 0
191 192 195 196 198 0
191 192 195 197 198 0
191 192 196 197 198 0
191 193 194 195 196 0
191 193 194 195 197 0
191 193 194 195 198 0
191 193 194 196 197 0
191 193 194 196 198 0
191 193 194 197 198 0
191 193 195 196 197 0
191 193 195 196 198 0
191 193 195 197 198 0
191 193 196 197 198 0
191 194 195 196 197 0
191 194 195 196 198 0
191 194 195 197 198 0
191 194 196 197 198 0
191 195 196 197 198 0
192 193 194 195 196 0
192 193 194 195 197 0
192 193 194 195 198 0
192 193 194 196 197 0
192 193 194 196 198 0
192 193 194 197 198 0
192 193 195 196 197 0
192 193 195 196 198 0
192 193 195 197 198 0
192 193 196 197 198 0
192 194 195 196 197 0
192 194 195 196 198 0
192 194 195 197 198 0
192 194 196 197 198 0
192 195 196 197 198 0
193 194 195 196 197 0
193 194 195 196 198 0
193 194 195 197 198 0
193 194 196 197 198 0
193 195 196 197 198 0
194 195 196 197 198 0
199 200 201 202 0
199 200 201 203 0
199 200 201 204 0
199 200 201 205 0
199 200 201 206 0
199 200 201 207 0
199 200 202 203 0
199 200 202 204 0
199 200 202 205 0
199 200 202 206 0
199 200 202 207 0
199 200 203 204 0
199 200 203 205 0
199 200 203 206 0
199 200 203 207 0
199 200 204 205 0
199 200 204 206 0
199 200 204 207 0
199 200 205 206 0
199 200 205 207 0
199 200 206 207 0
199 201 202 203 0
199 201 202 204 0
199 201 202 205 0
199 201 202 206 0
199 201 202 207 0
199 201 203 204 0
199 201 203 205 0
199 201 203 206 0
199 201 203 207 0
199 201 204 205 0
199 201 204 206 0
199 201 204 207 0
199 201 205 206 0
199 201 205 207 0
199 201 206 207 0
199 202 203 204 0
199 202 203 205 0
199 202 203 206 0
199 202 203 207 0
199 202 204 205 0
199 202 204 206 0
199 202 204 207 0
199 202 205 206 0
199 202 205 207 0
199 202 206 207 0
199 203 204 205 0
199 203 204 206 0
199 203 204 207 0
199 203 205 206 0
199 203 205 207 0
199 203 206 207 0
199 204 205 206 0
199 204 205 207 0
199 204 206 207 0
199 205 206 207 0
200 201 202 203 0
200 201 202 204 0
200 201 202 205 0
200 201 202 206 0
200 201 202 207 0
200 201 203 204 0
200 201 203 205 0
200 201 203 206 0
200 201 203 207 0
200 201 204 205 0
200 201 204 206 0
200 201 204 207 0
200 201 205 206 0
200 201 205 207 0
200 201 206 207 0
200 202 203 204 0
200 202 203 205 0
200 202 203 206 0
200 202 203 207 0
200 202 204 205 0
200 202 204 206 0
200 202 204 207 0
200 202 205 206 0
200 202 205 207 0
200 202 206 207 0
200 203 204 205 0
200 203 204 206 0
200 203 204 207 0
200 203 205 206 0
200 203 205 207 0
200 203 206 207 0
200 204 205 206 0
200 204 205 207 0
200 204 206 207 0
200 205 206 207 0
201 202 203 204 0
201 202 203 205 0
201 202 203 206 0
201 202 203 207 0
201 202 204 205 0
201 202 204 206 0
201 202 204 207 0
201 202 205 206 0
201 202 205 207 0
201 202 206 207 0
201 203 204 205 0
201 203 204 206 0
201 203 204 207 0
201 203 205 206 0
201 203 205 207 0
201 203 206 207 0
201 204 205 206 0
201 204 205 207 0
201 204 206 207 0
201 205 206 207 0
202 203 204 205 0
202 203 204 206 0
202 203 204 207 0
202 203 205 206 0
202 203 205 207 0
202 203 206 207 0
202 204 205 206 0
202 204 205 207 0
202 204 206 207 0
202 205 206 207 0
203 204 205 206 0
203 204 205 207 0
203 204 206 207 0
203 205 206 207 0
204 205 206 207 0
208 209 210 211 212 0
208 209 210 211 213 0
208 209 210 211 214 0
208 209 210 211 215 0
208 209 210 211 216 0
208 209 210 212 213 0
208 209 210 212 214 0
208 209 210 212 215 0
208 209 210 212 216 0
208 209 210 213 214 0
208 209 210 213 215 0
208 209 210 213 216 0
208 209 210 214 215 0
208 209 210 214 216 0
208 209 210 215 216 0
208 209 211 212 213 0
208 209 211 212 214 0
208 209 211 212 215 0
208 209 211 212 216 0
208 209 211 213 214 0
208 209 211 213 215 0
208 209 211 213 216 0
208 209 211 214 215 0
208 209 211 214 216 0
208 209 211 215 216 0
208 209 212 213 214 0
208 209 212 213 215 0
208 209 212 213 216 0
208 209 212 214 215 0
208 209 212 214 216 0
208 209 212 215 216 0
208 209 213 214 215 0
208 209 213 214 216 0
208 209 213 215 216 0
208 209 214 215 216 0
208 210 211 212 213 0
208 210 211 212 214 0
208 210 211 212 215 0
208 210 211 212 216 0
208 210 211 213 214 0
208 210 211 213 215 0
208 210 211 213 216 0
208 210 211 214 215 0
208 210 211 214 216 0
208 210 211 215 216 0
208 210 212 213 214 0
208 210 212 213 215 0
208 210 212 213 216 0
208 210 212 214 215 0
208 210 212 214 216 0
208 210 212 215 216 0
208 210 213 214 215 0
208 210 213 214 216 0
208 210 213 215 216 0
208 210 214 215 216 0
208 211 212 213 214 0
208 211 212 213 215 0
208 211 212 213 216 0
208 211 212 214 215 0
208 211 212 214 216 0
208 211 212 215 216 0
208 211 213 214 215 0
208 211 213 214 216 0
208 211 213 215 216 0
208 211 214 215 216 0
208 212 213 214 215 0
208 212 213 214 216 0
208 212 213 215 216 0
208 212 214 215 216 0
208 213 214 215 216 0
209 210 211 212 213 0
209 210 211 212 214 0
209 210 211 212 215 0
209 210 211 212 216 0
209 210 211 213 214 0
209 210 211 213 215 0
209 210 211 213 216 0
209 210 211 214 215 0
209 210 211 214 216 0
209 210 211 215 216 0
209 210 212 213 214 0
209 210 212 213 215 0
209 210 212 213 216 0
209 210 212 214 215 0
209 210 212 214 216 0
209 210 212 215 216 0
209 210 213 214 215 0
209 210 213 214 216 0
209 210 213 215 216 0
209 210 214 215 216 0
209 211 212 213 214 0
209 211 212 213 215 0
209 211 212 213 216 0
209 211 212 214 215 0
209 211 212 214 216 0
209 211 212 215 216 0
209 211 213 214 215 0
209 211 213 214 216 0
209 211 213 215 216 0
209 211 214 215 216 0
209 212 213 214 215 0
209 212 213 214 216 0
209 212 213 215 216 0
209 212 214 215 216 0
209 213 214 215 216 0
210 211 212 213 214 0
210 211 212 213 215 0
210 211 212 213 216 0
210 211 212 214 215 0
210 211 212 214 216 0
210 211 212 215 216 0
210 211 213 214 215 0
210 211 213 214 216 0
210 211 213 215 216 0
210 211 214 215 216 0
210 212 213 214 215 0
210 212 213 214 216 0
210 212 213 215 216 0
210 212 214 215 216 0
210 213 214 215 216 0
211 212 213 214 215 0
211 212 213 214 216 0
211 212 213 215 216 0
211 212 214 215 216 0
211 213 214 215 216 0
212 213 214 215 216 0
217 218 219 220 0
217 218 219 221 0
217 218 219 222 0
217 218 219 223 0
217 218 219 224 0
217 218 219 225 0
217 218 220 221 0
217 218 220 222 0
217 218 220 223 0
217 218 220 224 0
217 218 220 225 0
217 218 221 222 0
217 218 221 223 0
217 218 221 224 0
217 218 221 225 0
217 218 222 223 0
217 218 222 224 0
217 218 222 225 0
217 218 223 224 0
217 218 223 225 0
217 218 224 225 0
217 219 220 221 0
217 219 220 222 0
217 219 220 223 0
217 219 220 224 0
217 219 220 225 0
217 219 221 222 0
217 219 221 223 0
217 219 221 224 0
217 219 221 225 0
217 219 222 223 0
217 219 222 224 0
217 219 222 225 0
217 219 223 224 0
217 219 223 225 0
217 219 224 225 0
217 220 221 222 0
217 220 221 223 0
217 220 221 224 0
217 220 221 225 0
217 220 222 223 0
217 220 222 224 0
217 220 222 225 0
217 220 223 224 0
217 220 223 225 0
217 220 224 225 0
217 221 222 223 0
217 221 222 224 0
217 221 222 225 0
217 221 223 224 0
217 221 223 225 0
217 221 224 225 0
217 222 223 224 0
217 222 223 225 0
217 222 224 225 0
217 223 224 225 0
218 219 220 221 0
218 219 220 222 0
218 219 220 223 0
218 219 220 224 0
218 219 220 225 0
218 219 221 222 0
218 219 221 223 0
218 219 221 224 0
218 219 221 225 0
218 219 222 223 0
218 219 222 224 0
218 219 222 225 0
218 219 223 224 0
218 219 223 225 0
218 219 224 225 0
218 220 221 222 0
218 220 221 223 0
218 220 221 224 0
218 220 221 225 0
218 220 222 223 0
218 220 222 224 0
218 220 222 225 0
218 220 223 224 0
218 220 223 225 0
218 220 224 225 0
218 221 222 223 0
218 221 222 224 0
218 221 222 225 0
218 221 223 224 0
218 221 223 225 0
218 221 224 225 0
218 222 223 224 0
218 222 223 225 0
218 222 224 225 0
218 223 224 225 0
219 220 221 222 0
219 220 221 223 0
219 220 221 224 0
219 220 221 225 0
219 220 222 223 0
219 220 222 224 0
219 220 222 225 0
219 220 223 224 0
219 220 223 225 0
219 220 224 225 0
219 221 222 223 0
219 221 222 224 0
219 221 222 225 0
219 221 223 224 0
219 221 223 225 0
219 221 224 225 0
219 222 223 224 0
219 222 223 225 0
219 222 224 225 0
219 223 224 225 0
220 221 222 223 0
220 221 222 224 0
220 221 222 225 0
220 221 223 224 0
220 221 223 225 0
220 221 224 225 0
220 222 223 224 0
220 222 223 225 0
220 222 224 225 0
220 223 224 225 0
221 222 223 224 0
221 222 223 225 0
221 222 224 225 0
221 223 224 225 0
222 223 224 225 0
226 227 228 229 230 231 0
226 227 228 229 230 232 0
226 227 228 229 230 233 0
226 227 228 229 230 234 0
226 227 228 229 231 232 0
226 227 228 229 231 233 0
226 227 228 229 231 234 0
226 227 228 229 232 233 0
226 227 228 229 232 234 0
226 227 228 229 233 234 0
226 227 228 230 231 232 0
226 227 228 230 231 233 0
226 227 228 230 231 234 0
226 227 228 230 232 233 0
226 227 228 230 232 234 0
226 227 228 230 233 234 0
226 227 228 231 232 233 0
226 227 228 231 232 234 0
226 227 228 231 233 234 0
226 227 228 232 233 234 0
226 227 229 230 231 232 0
226 227 229 230 231 233 0
226 227 229 230 231 234 0
226 227 229 230 232 233 0
226 227 229 230 232 234 0
226 227 229 230 233 234 0
226 227 229 231 232 233 0
226 227 229 231 232 234 0
226 227 229 231 233 234 0
226 227 229 232 233 234 0
226 227 230 231 232 233 0
226 227 230 231 232 234 0
226 227 230 231 233 234 0
226 227 230 232 233 234 0
226 227 231 232 233 234 0
226 228 229 230 231 232 0
226 228 229 230 231 233 0
226 228 229 230 231 234 0
226 228 229 230 232 233 0
226 228 229 230 232 234 0
226 228 229 230 233 234 0
226 228 229 231 232 233 0
226 228 229 231 232 234 0
226 228 229 231 233 234 0
226 228 229 232 233 234 0
226 228 230 231 232 233 0
226 228 230 231 232 234 0
226 228 230 231 233 234 0
226 228 230 232 233 234 0
226 228 231 232 233 234 0
226 229 230 231 232 233 0
226 229 230 231 232 234 0
226 229 230 231 233 234 0
226 229 230 232 233 234 0
226 229 231 232 233 234 0
226 230 231 232 233 234 0
227 228 229 230 231 232 0
227 228 229 230 231 233 0
227 228 229 230 231 234 0
227 228 229 230 232 233 0
227 228 229 230 232 234 0
227 228 229 230 233 234 0
227 228 229 231 232 233 0
227 228 229 231 232 234 0
227 228 229 231 233 234 0
227 228 229 232 233 234 0
227 228 230 231 232 233 0
227 228 230 231 232 234 0
227 228 230 231 233 234 0
227 228 230 232 233 234 0
227 228 231 232 233 234 0
227 229 230 231 232 233 0
227 229 230 231 232 234 0
227 229 230 231 233 234 0
227 229 230 232 233 234 0
227 229 231 232 233 234 0
227 230 231 232 233 234 0
228 229 230 231 232 233 0
228 229 230 231 232 234 0
228 229 230 231 233 234 0
228 229 230 232 233 234 0
228 229 231 232 233 234 0
228 230 231 232 233 234 0
229 230 231 232 233 234 0
235 236 237 238 0
235 236 237 239 0
235 236 237 240 0
235 236 237 241 0
235 236 237 242 0
235 236 237 243 0
235 236 238 239 0
235 236 238 240 0
235 236 238 241 0
235 236 238 242 0
235 236 238 243 0
235 236 239 240 0
235 236 239 241 0
235 236 239 242 0
235 236 239 243 0
235 236 240 241 0
235 236 240 242 0
235 236 240 243 0
235 236 241 242 0
235 236 241 243 0
235 236 242 243 0
235 237 238 239 0
235 237 238 240 0
235 237 238 241 0
235 237 238 242 0
235 237 238 243 0
235 237 239 240 0
235 237 239 241 0
235 237 239 242 0
235 237 239 243 0
235 237 240 241 0
235 237 240 242 0
235 237 240 243 0
235 237 241 242 0
235 237 241 243 0
235 237 242 243 0
235 238 239 240 0
235 238 239 241 0
235 238 239 242 0
235 238 239 243 0
235 238 240 241 0
235 238 240 242 0
235 238 240 243 0
235 238 241 242 0
235 238 241 243 0
235 238 242 243 0
235 239 240 241 0
235 239 240 242 0
235 239 240 243 0
235 239 241 242 0
235 239 241 243 0
235 239 242 243 0
235 240 241 242 0
235 240 241 243 0
235 240 242 243 0
235 241 242 243 0
236 237 238 239 0
236 237 238 240 0
236 237 238 241 0
236 237 238 242 0
236 237 238 243 0
236 237 239 240 0
236 237 239 241 0
236 237 239 242 0
236 237 239 243 0
236 237 240 241 0
236 237 240 242 0
236 237 240 243 0
236 237 241 242 0
236 237 241 243 0
236 237 242 243 0
236 238 239 240 0
236 238 239 241 0
236 238 239 242 0
236 238 239 243 0
236 238 240 241 0
236 238 240 242 0
236 238 240 243 0
236 238 241 242 0
236 238 241 243 0
236 238 242 243 0
236 239 240 241 0
236 239 240 242 0
236 239 240 243 0
236 239 241 242 0
236 239 241 243 0
236 239 242 243 0
236 240 241 242 0
236 240 241 243 0
236 240 242 243 0
236 241 242 243 0
237 238 239 240 0
237 238 239 241 0
237 238 239 242 0
237 238 239 243 0
237 238 240 241 0
237 238 240 242 0
237 238 240 243 0
237 238 241 242 0
237 238 241 243 0
237 238 242 243 0
237 239 240 241 0
237 239 240 242 0
237 239 240 243 0
237 239 241 242 0
237 239 241 243 0
237 239 242 243 0
237 240 241 242 0
237 240 241 243 0
237 240 242 243 0
237 241 242 243 0
238 239 240 241 0
238 239 240 242 0
238 239 240 243 0
238 239 241 242 0
238 239 241 243 0
238 239 242 243 0
238 240 241 242 0
238 240 241 243 0
238 240 242 243 0
238 241 242 243 0
239 240 241 242 0
239 240 241 243 0
239 240 242 243 0
239 241 242 243 0
240 241 242 243 0
244 245 246 247 248 0
244 245 246 247 249 0
244 245 246 247 250 0
244 245 246 247 251 0
244 245 246 247 252 0
244 245 246 248 249 0
244 245 246 248 250 0
244 245 246 248 251 0
244 245 246 248 252 0
244 245 246 249 250 0
244 245 246 249 251 0
244 245 246 249 252 0
244 245 246 250 251 0
244 245 246 250 252 0
244 245 246 251 252 0
244 245 247 248 249 0
244 245 247 248 250 0
244 245 247 248 251 0
244 245 247 248 252 0
244 245 247 249 250 0
244 245 247 249 251 0
244 245 247 249 252 0
244 245 247 250 251 0
244 245 247 250 252 0
244 245 247 251 252 0
244 245 248 249 250 0
244 245 248 249 251 0
244 245 248 249 252 0
244 245 248 250 251 0
244 245 248 250 252 0
244 245 248 251 252 0
244 245 249 250 251 0
244 245 249 250 252 0
244 245 249 251 252 0
244 245 250 251 252 0
244 246 247 248 249 0
244 246 247 248 250 0
244 246 247 248 251 0
244 246 247 248 252 0
244 246 247 249 250 0
244 246 247 249 251 0
244 246 247 249 252 0
244 246 247 250 251 0
244 246 247 250 252 0
244 246 247 251 252 0
244 246 248 249 250 0
244 246 248 249 251 0
244 246 248 249 252 0
244 246 248 250 251 0
244 246 248 250 252 0
244 246 248 251 252 0
244 246 249 250 251 0
244 246 249 250 252 0
244 246 249 251 252 0
244 246 250 251 252 0
244 247 248 249 250 0
244 247 248 249 251 0
244 247 248 249 252 0
244 247 248 250 251 0
244 247 248 250 252 0
244 247 248 251 252 0
244 247 249 250 251 0
244 247 249 250 252 0
244 247 249 251 252 0
244 247 250 251 252 0
244 248 249 250 251 0
244 248 249 250 252 0
244 248 249 251 252 0
244 248 250 251 252 0
244 249 250 251 252 0
245 246 247 248 249 0
245 246 247 248 250 0
245 246 247 248 251 0
245 246 247 248 252 0
245 246 247 249 250 0
245 246 247 249 251 0
245 246 247 249 252 0
245 246 247 250 251 0
245 246 247 250 252 0
245 246 247 251 252 0
245 246 248 249 250 0
245 246 248 249 251 0
245 246 248 249 252 0
245 246 248 250 251 0
245 246 248 250 252 0
245 246 248 251 252 0
245 246 249 250 251 0
245 246 249 250 252 0
245 246 249 251 252 0
245 246 250 251 252 0
245 247 248 249 250 0
245 247 248 249 251 0
245 247 248 249 252 0
245 247 248 250 251 0
245 247 248 250 252 0
245 247 248 251 252 0
245 247 249 250 251 0
245 247 249 250 252 0
245 247 249 251 252 0
245 247 250 251 252 0
245 248 249 250 251 0
245 248 249 250 252 0
245 248 249 251 252 0
245 248 250 251 252 0
245 249 250 251 252 0
246 247 248 249 250 0
246 247 248 249 251 0
246 247 248 249 252 0
246 247 248 250 251 0
246 247 248 250 252 0
246 247 248 251 252 0
246 247 249 250 251 0
246 247 249 250 252 0
246 247 249 251 252 0
246 247 250 251 252 0
246 248 249 250 251 0
246 248 249 250 252 0
246 248 249 251 252 0
246 248 250 251 252 0
246 249 250 251 252 0
247 248 249 250 251 0
247 248 249 250 252 0
247 248 249 251 252 0
247 248 250 251 252 0
247 249 250 251 252 0
248 249 250 251 252 0
253 254 255 256 257 0
253 254 255 256 258 0
253 254 255 256 259 0
253 254 255 256 260 0
253 254 255 256 261 0
253 254 255 257 258 0
253 254 255 257 259 0
253 254 255 257 260 0
253 254 255 257 261 0
253 254 255 258 259 0
253 254 255 258 260 0
253 254 255 258 261 0
253 254 255 259 260 0
253 254 255 259 261 0
253 254 255 260 261 0
253 254 256 257 258 0
253 254 256 257 259 0
253 254 256 257 260 0
253 254 256 257 261 0
253 254 256 258 259 0
253 254 256 258 260 0
253 254 256 258 261 0
253 254 256 259 260 0
253 254 256 259 261 0
253 254 256 260 261 0
253 254 257 258 259 0
253 254 257 258 260 0
253 254 257 258 261 0
253 254 257 259 260 0
253 254 257 259 261 0
253 254 257 260 261 0
253 254 258 259 260 0
253 254 258 259 261 0
253 254 258 260 261 0
253 254 259 260 261 0
253 255 256 257 258 0
253 255 256 257 259 0
253 255 256 257 260 0
253 255 256 257 261 0
253 255 256 258 259 0
253 255 256 258 260 0
253 255 256 258 261 0
253 255 256 259 260 0
253 255 256 259 261 0
253 255 256 260 261 0
253 255 257 258 259 0
253 255 257 258 260 0
253 255 257 258 261 0
253 255 257 259 260 0
253 255 257 259 261 0
253 255 257 260 261 0
253 255 258 259 260 0
253 255 258 259 261 0
253 255 258 260 261 0
253 255 259 260 261 0
253 256 257 258 259 0
253 256 257 258 260 0
253 256 257 258 261 0
253 256 257 259 260 0
253 256 257 259 261 0
253 256 257 260 261 0
253 256 258 259 260 0
253 256 258 259 261 0
253 256 258 260 261 0
253 256 259 260 261 0
253 257 258 259 260 0
253 257 258 259 261 0
253 257 258 260 261 0
253 257 259 260 261 0
253 258 259 260 261 0
254 255 256 257 258 0
254 255 256 257 259 0
254 255 256 257 260 0
254 255 256 257 261 0
254 255 256 258 259 0
254 255 256 258 260 0
254 255 256 258 261 0
254 255 256 259 260 0
254 255 256 259 261 0
254 255 256 260 261 0
254 255 257 258 259 0
254 255 257 258 260 0
254 255 257 258 261 0
254 255 257 259 260 0
254 255 257 259 261 0
254 255 257 260 261 0
254 255 258 259 260 0
254 255 258 259 261 0
254 255 258 260 261 0
254 255 259 260 261 0
254 256 257 258 259 0
254 256 257 258 260 0
254 256 257 258 261 0
254 256 257 259 260 0
254 256 257 259 261 0
254 256 257 260 261 0
254 256 258 259 260 0
254 256 258 259 261 0
254 256 258 260 261 0
254 256 259 260 261 0
254 257 258 259 260 0
254 257 258 259 261 0
254 257 258 260 261 0
254 257 259 260 261 0
254 258 259 260 261 0
255 256 257 258 259 0
255 256 257 258 260 0
255 256 257 258 261 0
255 256 257 259 260 0
255 256 257 259 261 0
255 256 257 260 261 0
255 256 258 259 260 0
255 256 258 259 261 0
255 256 258 260 261 0
255 256 259 260 261 0
255 257 258 259 260 0
255 257 258 259 261 0
255 257 258 260 261 0
255 257 259 260 261 0
255 258 259 260 261 0
256 257 258 259 260 0
256 257 258 259 261 0
256 257 258 260 261 0
256 257 259 260 261 0
256 258 259 260 261 0
257 258 259 260 261 0
262 263 264 265 266 267 0
262 263 264 265 266 268 0
262 263 264 265 266 269 0
262 263 264 265 266 270 0
262 263 264 265 267 268 0
262 263 264 265 267 269 0
262 263 264 265 267 270 0
262 263 264 265 268 269 0
262 263 264 265 268 270 0
262 263 264 265 269 270 0
262 263 264 266 267 268 0
262 263 264 266 267 269 0
262 263 264 266 267 270 0
262 263 264 266 268 269 0
262 263 264 266 268 270 0
262 263 264 266 269 270 0
262 263 264 267 268 269 0
262 263 264 267 268 270 0
262 263 264 267 269 270 0
262 263 264 268 269 270 0
262 263 265 266 267 268 0
262 263 265 266 267 269 0
262 263 265 266 267 270 0
262 263 265 266 268 269 0
262 263 265 266 268 270 0
262 263 265 266 269 270 0
262 263 265 267 268 269 0
262 263 265 267 268 270 0
262 263 265 267 269 270 0
262 263 265 268 269 270 0
262 263 266 267 268 269 0
262 263 266 267 268 270 0
262 263 266 267 269 270 0
262 263 266 268 269 270 0
262 263 267 268 269 270 0
262 264 265 266 267 268 0
262 264 265 266 267 269 0
262 264 265 266 267 270 0
262 264 265 266 268 269 0
262 264 265 266 268 270 0
262 264 265 266 269 270 0
262 264 265 267 268 269 0
262 264 265 267 268 270 0
262 264 265 267 269 270 0
262 264 265 268 269 270 0
262 264 266 267 268 269 0
262 264 266 267 268 270 0
262 264 266 267 269 270 0
262 264 266 268 269 270 0
262 264 267 268 269 270 0
262 265 266 267 268 269 0
262 265 266 267 268 270 0
262 265 266 267 269 270 0
262 265 266 268 269 270 0
262 265 267 268 269 270 0
262 266 267 268 269 270 0
263 264 265 266 267 268 0
263 264 265 266 267 269 0
263 264 265 266 267 270 0
263 264 265 266 268 269 0
263 264 265 266 268 270 0
263 264 265 266 269 270 0
263 264 265 267 268 269 0
263 264 265 267 268 270 0
263 264 265 267 269 270 0
263 264 265 268 269 270 0
263 264 266 267 268 269 0
263 264 266 267 268 270 0
263 264 266 267 269 270 0
263 264 266 268 269 270 0
263 264 267 268 269 270 0
263 265 266 267 268 269 0
263 265 266 267 268 270 0
263 265 266 267 269 270 0
263 265 266 268 269 270 0
263 265 267 268 269 270 0
263 266 267 268 269 270 0
264 265 266 267 268 269 0
264 265 266 267 268 270 0
264 265 266 267 269 270 0
264 265 266 268 269 270 0
264 265 267 268 269 270 0
264 266 267 268 269 270 0
265 266 267 268 269 270 0
271 272 273 274 275 276 0
271 272 273 274 275 277 0
271 272 273 274 275 278 0
271 272 273 274 275 279 0
271 272 273 274 276 277 0
271 272 273 274 276 278 0
271 272 273 274 276 279 0
271 272 273 274 277 278 0
271 272 273 274 277 279 0
271 272 273 274 278 279 0
271 272 273 275 276 277 0
271 272 273 275 276 278 0
271 272 273 275 276 279 0
271 272 273 275 277 278 0
271 272 273 275 277 279 0
271 272 273 275 278 279 0
271 272 273 276 277 278 0
271 272 273 276 277 279 0
271 272 273 276 278 279 0
271 272 273 277 278 279 0
271 272 274 275 276 277 0
271 272 274 275 276 278 0
271 272 274 275 276 279 0
271 272 274 275 277 278 0
271 272 274 275 277 279 0
271 272 274 275 278 279 0
271 272 274 276 277 278 0
271 272 274 276 277 279 0
271 272 274 276 278 279 0
271 272 274 277 278 279 0
271 272 275 276 277 278 0
271 272 275 276 277 279 0
271 272 275 276 278 279 0
271 272 275 277 278 279 0
271 272 276 277 278 279 0
271 273 274 275 276 277 0
271 273 274 275 276 278 0
271 273 274 275 276 279 0
271 273 274 275 277 278 0
271 273 274 275 277 279 0
271 273 274 275 278 279 0
271 273 274 276 277 278 0
271 273 274 276 277 279 0
271 273 274 276 278 279 0
271 273 274 277 278 279 0
271 273 275 276 277 278 0
271 273 275 276 277 279 0
271 273 275 276 278 279 0
271 273 275 277 278 279 0
271 273 276 277 278 279 0
271 274 275 276 277 278 0
271 274 275 276 277 279 0
271 274 275 276 278 279 0
271 274 275 277 278 279 0
271 274 276 277 278 279 0
271 275 276 277 278 279 0
272 273 274 275 276 277 0
272 273 274 275 276 278 0
272 273 274 275 276 279 0
272 273 274 275 277 278 0
272 273 274 275 277 279 0
272 273 274 275 278 279 0
272 273 274 276 277 278 0
272 273 274 276 277 279 0
272 273 274 276 278 279 0
272 273 274 277 278 279 0
272 273 275 276 277 278 0
272 273 275 276 277 279 0
272 273 275 276 278 279 0
272 273 275 277 278 279 0
272 273 276 277 278 279 0
272 274 275 276 277 278 0
272 274 275 276 277 279 0
272 274 275 276 278 279 0
272 274 275 277 278 279 0
272 274 276 277 278 279 0
272 275 276 277 278 279 0
273 274 275 276 277 278 0
273 274 275 276 277 279 0
273 274 275 276 278 279 0
273 274 275 277 278 279 0
273 274 276 277 278 279 0
273 275 276 277 278 279 0
274 275 276 277 278 279 0
-1 0
-10 0
-19 0
-28 0
-46 0
-91 0
-109 0
-118 0
-145 0
-262 0
-56 0
-119 0
-128 0
-182 0
-191 0
-120 0
-183 0
-228 0
-255 0
-31 0
-40 0
-139 0
-148 0
-157 0
-175 0
-247 0
-256 0
-23 0
-68 0
-95 0
-104 0
-176 0
-24 0
-159 0
-177 0
-231 0
-249 0
-258 0
-25 0
-124 0
-277 0
-134 0
-233 0
-63 0
-81 0
-99 0
-144 0
-180 0
-1 -10 -19 -28 0
-2 -11 -20 -29 0
-3 -12 -21 -30 0
-4 -13 -22 -31 0
-5 -14 -23 -32 0
-6 -15 -24 -33 0
-7 -16 -25 -34 0
-8 -17 -26 -35 0
-9 -18 -27 -36 0
-10 -19 -28 -37 0
-11 -20 -29 -38 0
-12 -21 -30 -39 0
-13 -22 -31 -40 0
-14 -23 -32 -41 0
-15 -24 -33 -42 0
-16 -25 -34 -43 0
-17 -26 -35 -44 0
-18 -27 -36 -45 0
-19 -28 -37 -46 0
-20 -29 -38 -47 0
-21 -30 -39 -48 0
-22 -31 -40 -49 0
-23 -32 -41 -50 0
-24 -33 -42 -51 0
-25 -34 -43 -52 0
-26 -35 -44 -53 0
-27 -36 -45 -54 0
-28 -37 -46 -55 0
-29 -38 -47 -56 0
-30 -39 -48 -57 0
-31 -40 -49 -58 0
-32 -41 -50 -59 0
-33 -42 -51 -60 0
-34 -43 -52 -61 0
-35 -44 -53 -62 0
-36 -45 -54 -63 0
-37 -46 -55 -64 0
-38 -47 -56 -65 0
-39 -48 -57 -66 0
-40 -49 -58 -67 0
-41 -50 -59 -68 0
-42 -51 -60 -69 0
-43 -52 -61 -70 0
-44 -53 -62 -71 0
-45 -54 -63 -72 0
-46 -55 -64 -73 0
-47 -56 -65 -74 0
-48 -57 -66 -75 0
-49 -58 -67 -76 0
-50 -59 -68 -77 0
-51 -60 -69 -78 0
-52 -61 -70 -79 0
-53 -62 -71 -80 0
-54 -63 -72 -81 0
-55 -64 -73 -82 0
-56 -65 -74 -83 0
-57 -66 -75 -84 0
-58 -67 -76 -85 0
-59 -68 -77 -86 0
-60 -69 -78 -87 0
-61 -70 -79 -88 0
-62 -71 -80 -89 0
-63 -72 -81 -90 0
-64 -73 -82 -91 0
-65 -74 -83 -92 0
-66 -75 -84 -93 0
-67 -76 -85 -94 0
-68 -77 -86 -95 0
-69 -78 -87 -96 0
-70 -79 -88 -97 0
-71 -80 -89 -98 0
-72 -81 -90 -99 0
-73 -82 -91 -100 0
-74 -83 -92 -101 0
-75 -84 -93 -102 0
-76 -85 -94 -103 0
-77 -86 -95 -104 0
-78 -87 -96 -105 0
-79 -88 -97 -106 0
-80 -89 -98 -107 0
-81 -90 -99 -108 0
-82 -91 -100 -109 0
-83 -92 -101 -110 0
-84 -93 -102 -111 0
-85 -94 -103 -112 0
-86 -95 -104 -113 0
-87 -96 -105 -114 0
-88 -97 -106 -115 0
-89 -98 -107 -116 0
-90 -99 -108 -117 0
-91 -100 -109 -118 0
-92 -101 -110 -119 0
-93 -102 -111 -120 0
-94 -103 -112 -121 0
-95 -104 -113 -122 0
-96 -105 -114 -123 0
-97 -106 -115 -124 0
-98 -107 -116 -125 0
-99 -108 -117 -126 0
-100 -109 -118 -127 0
-101 -110 -119 -128 0
-102 -111 -120 -129 0
-103 -112 -121 -130 0
-104 -113 -122 -131 0
-105 -114 -123 -132 0
-106 -115 -124 -133 0
-107 -116 -125 -134 0
-108 -117 -126 -135 0
-109 -118 -127 -136 0
-110 -119 -128 -137 0
-111 -120 -129 -138 0
-112 -121 -130 -139 0
-113 -122 -131 -140 0
-114 -123 -132 -141 0
-115 -124 -133 -142 0
-116 -125 -134 -143 0
-117 -126 -135 -144 0
-118 -127 -136 -145 0
-119 -128 -137 -146 0
-120 -129 -138 -147 0
-121 -130 -139 -148 0
-122 -131 -140 -149 0
-123 -132 -141 -150 0
-124 -133 -142 -151 0
-125 -134 -143 -152 0
-126 -135 -144 -153 0
-127 -136 -145 -154 0
-128 -137 -146 -155 0
-129 -138 -147 -156 0
-130 -139 -148 -157 0
-131 -140 -149 -158 0
-132 -141 -150 -159 0
-133 -142 -151 -160 0
-134 -143 -152 -161 0
-135 -144 -153 -162 0
-136 -145 -154 -163 0
-137 -146 -155 -164 0
-138 -147 -156 -165 0
-139 -148 -157 -166 0
-140 -149 -158 -167 0
-141 -150 -159 -168 0
-142 -151 -160 -169 0
-143 -152 -161 -170 0
-144 -153 -162 -171 0
-145 -154 -163 -172 0
-146 -155 -164 -173 0
-147 -156 -165 -174 0
-148 -157 -166 -175 0
-149 -158 -167 -176 0
-150 -159 -168 -177 0
-151 -160 -169 -178 0
-152 -161 -170 -179 0
-153 -162 -171 -180 0
-154 -163 -172 -181 0
-155 -164 -173 -182 0
-156 -165 -174 -183 0
-157 -166 -175 -184 0
-158 -167 -176 -185 0
-159 -168 -177 -186 0
-160 -169 -178 -187 0
-161 -170 -179 -188 0
-162 -171 -180 -189 0
-163 -172 -181 -190 0
-164 -173 -182 -191 0
-165 -174 -183 -192 0
-166 -175 -184 -193 0
-167 -176 -185 -194 0
-168 -177 -186 -195 0
-169 -178 -187 -196 0
-170 -179 -188 -197 0
-171 -180 -189 -198 0
-172 -181 -190 -199 0
-173 -182 -191 -200 0
-174 -183 -192 -201 0
-175 -184 -193 -202 0
-176 -185 -194 -203 0
-177 -186 -195 -204 0
-178 -187 -196 -205 0
-179 -188 -197 -206 0
-180 -189 -198 -207 0
-181 -190 -199 -208 0
-182 -191 -200 -209 0
-183 -192 -201 -210 0
-184 -193 -202 -211 0
-185 -194 -203 -212 0
-186 -195 -204 -213 0
-187 -196 -205 -214 0
-188 -197 -206 -215 0
-189 -198 -207 -216 0
-190 -199 -208 -217 0
-191 -200 -209 -218 0
-192 -201 -210 -219 0
-193 -202 -211 -220 0
-194 -203 -212 -221 0
-195 -204 -213 -222 0
-196 -205 -214 -223 0
-197 -206 -215 -224 0
-198 -207 -216 -225 0
-199 -208 -217 -226 0
-200 -209 -218 -227 0
-201 -210 -219 -228 0
-202 -211 -220 -229 0
-203 -212 -221 -230 0
-204 -213 -222 -231 0
-205 -214 -223 -232 0
-206 -215 -224 -233 0
-207 -216 -225 -234 0
-208 -217 -226 -235 0
-209 -218 -227 -236 0
-210 -219 -228 -237 0
-211 -220 -229 -238 0
-212 -221 -230 -239 0
-213 -222 -231 -240 0
-214 -223 -232 -241 0
-215 -224 -233 -242 0
-216 -225 -234 -243 0
-217 -226 -235 -244 0
-218 -227 -236 -245 0
-219 -228 -237 -246 0
-220 -229 -238 -247 0
-221 -230 -239 -248 0
-222 -231 -240 -249 0
-223 -232 -241 -250 0
-224 -233 -242 -251 0
-225 -234 -243 -252 0
-226 -235 -244 -253 0
-227 -236 -245 -254 0
-228 -237 -246 -255 0
-229 -238 -247 -256 0
-230 -239 -248 -257 0
-231 -240 -249 -258 0
-232 -241 -250 -259 0
-233 -242 -251 -260 0
-234 -243 -252 -261 0
-235 -244 -253 -262 0
-236 -245 -254 -263 0
-237 -246 -255 -264 0
-238 -247 -256 -265 0
-239 -248 -257 -266 0
-240 -249 -258 -267 0
-241 -250 -259 -268 0
-242 -251 -260 -269 0
-243 -252 -261 -270 0
-244 -253 -262 -271 0
-245 -254 -263 -272 0
-246 -255 -264 -273 0
-247 -256 -265 -274 0
-248 -257 -266 -275 0
-249 -258 -267 -276 0
-250 -259 -268 -277 0
-251 -260 -269 -278 0
-252 -261 -270 -279 0
-280 -1 0
-280 -4 0
280 1 4 0
-281 -10 0
-281 -13 0
281 10 13 0
-282 -19 0
-282 -22 0
282 19 22 0
-283 -28 0
-283 -31 0
283 28 31 0
-284 -37 0
-284 -40 0
284 37 40 0
-285 -46 0
-285 -49 0
285 46 49 0
-286 -55 0
-286 -58 0
286 55 58 0
-287 -64 0
-287 -67 0
287 64 67 0
-288 -73 0
-288 -76 0
288 73 76 0
-289 -82 0
-289 -85 0
289 82 85 0
-290 -91 0
-290 -94 0
290 91 94 0
-291 -100 0
-291 -103 0
291 100 103 0
-292 -109 0
-292 -112 0
292 109 112 0
-293 -118 0
-293 -121 0
293 118 121 0
-294 -127 0
-294 -130 0
294 127 130 0
-295 -136 0
-295 -139 0
295 136 139 0
-296 -145 0
-296 -148 0
296 145 148 0
-297 -154 0
-297 -157 0
297 154 157 0
-298 -163 0
-298 -166 0
298 163 166 0
-299 -172 0
-299 -175 0
299 172 175 0
-300 -181 0
-300 -184 0
300 181 184 0
-301 -190 0
-301 -193 0
301 190 193 0
-302 -199 0
-302 -202 0
302 199 202 0
-303 -208 0
-303 -211 0
303 208 211 0
-304 -217 0
-304 -220 0
304 217 220 0
-305 -226 0
-305 -229 0
305 226 229 0
-306 -235 0
-306 -238 0
306 235 238 0
-307 -244 0
-307 -247 0
307 244 247 0
-308 -253 0
-308 -256 0
308 253 256 0
-309 -262 0
-309 -265 0
309 262 265 0
-310 -271 0
-310 -274 0
310 271 274 0
-280 -281 0
-280 -282 0
-280 -283 0
-280 -284 0
-280 -285 0
-280 -286 0
-280 -287 0
-280 -288 0
-280 -289 0
-280 -290 0
-280 -291 0
-280 -292 0
-280 -293 0
-280 -294 0
-280 -295 0
-280 -296 0
-280 -297 0
-280 -298 0
-280 -299 0
-280 -300 0
-280 -301 0
-280 -302 0
-280 -303 0
-280 -304 0
-280 -305 0
-280 -306 0
-280 -307 0
-280 -308 0
-280 -309 0
-280 -310 0
-281 -282 0
-281 -283 0
-281 -284 0
-281 -285 0
-281 -286 0
-281 -287 0
-281 -288 0
-281 -289 0
-281 -290 0
-281 -291 0
-281 -292 0
-281 -293 0
-281 -294 0
-281 -295 0
-281 -296 0
-281 -297 0
-281 -298 0
-281 -299 0
-281 -300 0
-281 -301 0
-281 -302 0
-281 -303 0
-281 -304 0
-281 -305 0
-281 -306 0
-281 -307 0
-281 -308 0
-281 -309 0
-281 -310 0
-282 -283 0
-282 -284 0
-282 -285 0
-282 -286 0
-282 -287 0
-282 -288 0
-282 -289 0
-282 -290 0
-282 -291 0
-282 -292 0
-282 -293 0
-282 -294 0
-282 -295 0
-282 -296 0
-282 -297 0
-282 -298 0
-282 -299 0
-282 -300 0
-282 -301 0
-282 -302 0
-282 -303 0
-282 -304 0
-282 -305 0
-282 -306 0
-282 -307 0
-282 -308 0
-282 -309 0
-282 -310 0
-283 -284 0
-283 -285 0
-283 -286 0
-283 -287 0
-283 -288 0
-283 -289 0
-283 -290 0
-283 -291 0
-283 -292 0
-283 -293 0
-283 -294 0
-283 -295 0
-283 -296 0
-283 -297 0
-283 -298 0
-283 -299 0
-283 -300 0
-283 -301 0
-283 -302 0
-283 -303 0
-283 -304 0
-283 -305 0
-283 -306 0
-283 -307 0
-283 -308 0
-283 -309 0
-283 -310 0
-284 -285 0
-284 -286 0
-284 -287 0
-284 -288 0
-284 -289 0
-284 -290 0
-284 -291 0
-284 -292 0
-284 -293 0
-284 -294 0
-284 -295 0
-284 -296 0
-284 -297 0
-284 -298 0
-284 -299 0
-284 -300 0
-284 -301 0
-284 -302 0
-284 -303 0
-284 -304 0
-284 -305 0
-284 -306 0
-284 -307 0
-284 -308 0
-284 -309 0
-284 -310 0
-285 -286 0
-285 -287 0
-285 -288 0
-285 -289 0
-285 -290 0
-285 -291 0
-285 -292 0
-285 -293 0
-285 -294 0
-285 -295 0
-285 -296 0
-285 -297 0
-285 -298 0
-285 -299 0
-285 -300 0
-285 -301 0
-285 -302 0
-285 -303 0
-285 -304 0
-285 -305 0
-285 -306 0
-285 -307 0
-285 -308 0
-285 -309 0
-285 -310 0
-286 -287 0
-286 -288 0
-286 -289 0
-286 -290 0
-286 -291 0
-286 -292 0
-286 -293 0
-286 -294 0
-286 -295 0
-286 -296 0
-286 -297 0
-286 -298 0
-286 -299 0
-286 -300 0
-286 -301 0
-286 -302 0
-286 -303 0
-286 -304 0
-286 -305 0
-286 -306 0
-286 -307 0
-286 -308 0
-286 -309 0
-286 -310 0
-287 -288 0
-287 -289 0
-287 -290 0
-287 -291 0
-287 -292 0
-287 -293 0
-287 -294 0
-287 -295 0
-287 -296 0
-287 -297 0
-287 -298 0
-287 -299 0
-287 -300 0
-287 -301 0
-287 -302 0
-287 -303 0
-287 -304 0
-287 -305 0
-287 -306 0
-287 -307 0
-287 -308 0
-287 -309 0
-287 -310 0
-288 -289 0
-288 -290 0
-288 -291 0
-288 -292 0
-288 -293 0
-288 -294 0
-288 -295 0
-288 -296 0
-288 -297 0
-288 -298 0
-288 -299 0
-288 -300 0
-288 -301 0
-288 -302 0
-288 -303 0
-288 -304 0
-288 -305 0
-288 -306 0
-288 -307 0
-288 -308 0
-288 -309 0
-288 -310 0
-289 -290 0
-289 -291 0
-289 -292 0
-289 -293 0
-289 -294 0
-289 -295 0
-289 -296 0
-289 -297 0
-289 -298 0
-289 -299 0
-289 -300 0
-289 -301 0
-289 -302 0
-289 -303 0
-289 -304 0
-289 -305 0
-289 -306 0
-289 -307 0
-289 -308 0
-289 -309 0
-289 -310 0
-290 -291 0
-290 -292 0
-290 -293 0
-290 -294 0
-290 -295 0
-290 -296 0
-290 -297 0
-290 -298 0
-290 -299 0
-290 -300 0
-290 -301 0
-290 -302 0
-290 -303 0
-290 -304 0
-290 -305 0
-290 -306 0
-290 -307 0
-290 -308 0
-290 -309 0
-290 -310 0
-291 -292 0
-291 -293 0
-291 -294 0
-291 -295 0
-291 -296 0
-291 -297 0
-291 -298 0
-291 -299 0
-291 -300 0
-291 -301 0
-291 -302 0
-291 -303 0
-291 -304 0
-291 -305 0
-291 -306 0
-291 -307 0
-291 -308 0
-291 -309 0
-291 -310 0
-292 -293 0
-292 -294 0
-292 -295 0
-292 -296 0
-292 -297 0
-292 -298 0
-292 -299 0
-292 -300 0
-292 -301 0
-292 -302 0
-292 -303 0
-292 -304 0
-292 -305 0
-292 -306 0
-292 -307 0
-292 -308 0
-292 -309 0
-292 -310 0
-293 -294 0
-293 -295 0
-293 -296 0
-293 -297 0
-293 -298 0
-293 -299 0
-293 -300 0
-293 -301 0
-293 -302 0
-293 -303 0
-293 -304 0
-293 -305 0
-293 -306 0
-293 -307 0
-293 -308 0
-293 -309 0
-293 -310 0
-294 -295 0
-294 -296 0
-294 -297 0
-294 -298 0
-294 -299 0
-294 -300 0
-294 -301 0
-294 -302 0
-294 -303 0
-294 -304 0
-294 -305 0
-294 -306 0
-294 -307 0
-294 -308 0
-294 -309 0
-294 -310 0
-295 -296 0
-295 -297 0
-295 -298 0
-295 -299 0
-295 -300 0
-295 -301 0
-295 -302 0
-295 -303 0
-295 -304 0
-295 -305 0
-295 -306 0
-295 -307 0
-295 -308 0
-295 -309 0
-295 -310 0
-296 -297 0
-296 -298 0
-296 -299 0
-296 -300 0
-296 -301 0
-296 -302 0
-296 -303 0
-296 -304 0
-296 -305 0
-296 -306 0
-296 -307 0
-296 -308 0
-296 -309 0
-296 -310 0
-297 -298 0
-297 -299 0
-297 -300 0
-297 -301 0
-297 -302 0
-297 -303 0
-297 -304 0
-297 -305 0
-297 -306 0
-297 -307 0
-297 -308 0
-297 -309 0
-297 -310 0
-298 -299 0
-298 -300 0
-298 -301 0
-298 -302 0
-298 -303 0
-298 -304 0
-298 -305 0
-298 -306 0
-298 -307 0
-298 -308 0
-298 -309 0
-298 -310 0
-299 -300 0
-299 -301 0
-299 -302 0
-299 -303 0
-299 -304 0
-299 -305 0
-299 -306 0
-299 -307 0
-299 -308 0
-299 -309 0
-299 -310 0
-300 -301 0
-300 -302 0
-300 -303 0
-300 -304 0
-300 -305 0
-300 -306 0
-300 -307 0
-300 -308 0
-300 -309 0
-300 -310 0
-301 -302 0
-301 -303 0
-301 -304 0
-301 -305 0
-301 -306 0
-301 -307 0
-301 -308 0
-301 -309 0
-301 -310 0
-302 -303 0
-302 -304 0
-302 -305 0
-302 -306 0
-302 -307 0
-302 -308 0
-302 -309 0
-302 -310 0
-303 -304 0
-303 -305 0
-303 -306 0
-303 -307 0
-303 -308 0
-303 -309 0
-303 -310 0
-304 -305 0
-304 -306 0
-304 -307 0
-304 -308 0
-304 -309 0
-304 -310 0
-305 -306 0
-305 -307 0
-305 -308 0
-305 -309 0
-305 -310 0
-306 -307 0
-306 -308 0
-306 -309 0
-306 -310 0
-307 -308 0
-307 -309 0
-307 -310 0
-308 -309 0
-308 -310 0
-309 -310 0
