c PicoSAT SAT Solver Version 965
c Copyright (c) 2006 - 2014 Armin Biere JKU Linz
c x86_64-linux-gnu-gcc -g -O2 -ffile-prefix-map=/build/picosat-gXnVAd/picosat-965=. -fstack-protector-strong -Wformat -Werror=format-security
c
c using 2 as default phase
c
c parsing infile.cnf
c parsed header 'p cnf 6658 459246'
c initialized 6658 variables
c found 459246 non trivial clauses
c
c random number generator seed 0
c 
c  seconds     variables   original    learned     agility
c         level        used      conflicts    limit          MB
c 
c s   0.2   0.0  6658   0.0 199e3     0     0     0   0.0  22.7 
c 
c initial reduction limit 1000 clauses
c 
c +   0.2 118e1  6658   7.6 199e3   100   100  1100   5.6  22.9 
c R   0.2 118e1  6658   7.6 199e3   102   102  1100   6.0  22.9 
c +   0.3 930.5  6658  15.3 199e3   221   221  1210   6.2  23.1 
c +   0.3 836.9  6658  24.7 199e3   367   367  1331   4.8  23.5 
c R   0.3 823.1  6658  24.7 199e3   409   409  1331   6.2  23.6 
c +   0.4 721.1  6658  26.1 199e3   543   543  1464   7.2  23.8 
c +   0.4 649.5  6658  28.2 199e3   755   755  1610   6.3  24.2 
c +   0.5 605.0  6658  30.5 199e3  1011  1011  1771   4.7  24.8 
c R   0.7 588.3  6658  30.7 199e3  1209  1209  1771   7.0  25.2 
c +   0.7 557.1  6658  32.3 199e3  1320  1320  1948   6.2  25.4 
c +   0.8 515.8  6658  34.0 199e3  1693  1693  2142   6.6  26.2 
c +   0.9 505.5  6658  35.0 199e3  2144  2144  2356   7.6  27.6 
c +   0.9 536.1  6658  35.4 199e3  2689  1493  2591   5.3  25.6 
c R   1.0 535.7  6658  35.4 199e3  3213  2017  2591   4.9  27.3 
c +   1.1 526.8  6658  35.5 199e3  3348  2152  2850   4.6  27.6 
c +   1.3 504.5  6658  36.1 199e3  4145  1497  3135   5.8  25.3 
c +   1.5 486.7  6658  36.4 199e3  5109  2461  3448   7.0  27.8 
c +   1.9 500.8  6658  36.5 199e3  6275  1887  3792   6.3  26.1 
c +   2.3 506.7  6658  36.5 199e3  7685  3296  4171   6.5  30.5 
c R   2.4 507.9  6658  36.5 199e3  8039  3650  4171   7.8  31.8 
c 
c  seconds     variables   original    learned     agility
c         level        used      conflicts    limit          MB
c 
c +   2.6 513.1  6658  36.5 199e3  9391  2888  4588   4.0  28.6 
c +   3.1 521.2  6658  36.5 199e3 11455  2597  5046   4.7  27.1 
c +   3.7 530.7  6658  36.6 199e3 13952  5093  5550   6.6  35.5 
c +   4.3 544.4  6658  36.6 199e3 16973  5312  6105   4.6  37.0 
c R   4.9 554.7  6658  36.7 199e3 19263  4485  6105   6.8  32.6 
c +   5.2 550.3  6658  36.7 199e3 20628  5850  6715   5.6  37.5 
c +   6.4 540.8  6658  36.8 199e3 25050  3487  7386   6.1  28.0 
c +   7.8 543.5  6658  36.9 199e3 30400  5130  8124   3.6  33.0 
c +   9.4 536.7  6658  36.9 199e3 36873  7531  8936   7.8  40.7 
c +  11.3 548.6  6658  36.9 199e3 44705  6349  9829   6.5  36.7 
c R  11.3 548.9  6658  36.9 199e3 44936  6580  9829   7.2  37.5 
c +  13.7 546.4  6658  36.9 199e3 54181  5945 10811   5.8  33.1 
c +  16.7 534.5  6658  37.0 199e3 65646  6546 11892   7.7  33.9 
c +  20.1 531.7  6658  37.0 199e3 79518  8445 13081   6.6  39.5 
c +  25.0 544.3  6658  37.0 199e3 96303 11994 14389   8.5  54.7 
c R  26.9 547.9  6658  37.0 199e3 102e3 11152 14389   6.2  47.9 
c +  30.6 542.4  6658  37.1 199e3 116e3 10578 15827   7.2  43.5 
c +  37.2 542.5  6658  37.2 199e3 141e3 11328 17409   7.3  46.2 
c +  46.3 536.9  6658  37.2 199e3 170e3 14826 19149   6.0  54.3 
c +  56.7 539.3  6658  37.2 199e3 206e3 12311 21063   5.8  47.1 
c R  65.2 544.8  6658  37.2 199e3 231e3 15293 21063   6.9  55.5 
c +  70.7 541.9  6658  37.2 199e3 250e3 13540 23169   7.8  48.5 
c 
c  seconds     variables   original    learned     agility
c         level        used      conflicts    limit          MB
c 
c +  86.3 538.4  6658  37.2 199e3 303e3 19717 25485   8.1  66.8 
c + 100.4 531.0  6658  37.3 199e3 366e3 19533 28033   5.8  61.5 
c + 119.0 530.1  6658  37.3 199e3 443e3 26192 30836   8.5  85.0 
c R 137.6 529.0  6658  37.3 199e3 513e3 18007 30836   7.1  51.3 
c + 142.7 527.5  6658  37.3 199e3 537e3 26497 33919   5.6  83.0 
c + 170.5 527.3  6658  37.3 199e3 650e3 20380 37310   5.4  56.8 
c + 204.4 529.2  6658  37.4 199e3 786e3 25913 41041   4.9  76.1 
c + 246.3 527.9  6658  37.4 199e3 952e3 26725 45145   6.9  72.1 
c R 304.6 527.0  6658  37.4 199e3 112e4 45156 45145   6.9 132.5 
c + 310.9 526.1  6658  37.4 199e3 115e4 22835 49659   7.8  52.0 
c + 400.1 523.0  6658  37.4 199e3 139e4 40779 54624   7.1 110.7 
c + 508.0 522.7  6658  37.4 199e3 168e4 32621 60086   7.1  76.8 
c + 645.9 518.3  6658  37.4 199e3 204e4 55747 66094   6.9 152.9 
c R 829.5 521.5  6658  37.4 199e3 246e4 47143 66094   8.1 117.5 
c + 832.3 521.3  6658  37.4 199e3 246e4 53724 72703   5.8 140.7 
c + 116e1 520.4  6658  37.4 199e3 298e4 62758 79973   8.9 168.0 
c + 168e1 520.0  6658  37.4 199e3 361e4 50022 87970   9.5 105.8 
c + 228e1 517.0  6658  37.4 199e3 437e4 60524 96767   9.8 137.2 
